enc_number,t,x0,y0,z0,v0,dh0,theta0,x1,y1,z1,v1,dh1,theta1,advisory
1,0,-3572.772441258386,26.293725158873997,443.7989691100098,63.4211194720555,0.0,94.91055312900184,1331.7213787799847,38.80012189039411,448.06569319030007,63.02050821371951,0.0,264.74966547439124,0.0
1,1,-3509.5841060488633,20.864849719363576,443.7989691100098,63.4211194720555,0.0,94.91055312900184,1268.9652798315801,33.03327697366623,448.06569319030007,63.02050821371951,0.0,264.74966547439124,0.0
1,2,-3446.395770839341,15.435974279853184,443.7989691100098,63.4211194720555,0.0,94.91055312900184,1206.209180883176,27.2664320569383,448.06569319030007,63.02050821371951,0.0,264.74966547439124,0.0
1,3,-3383.207435629818,10.007098840342792,443.7989691100098,63.4211194720555,0.0,94.91055312900184,1143.453081934772,21.499587140210366,448.06569319030007,63.02050821371951,0.0,264.74966547439124,0.0
1,4,-3320.019100420295,4.578223400832371,443.7989691100098,63.4211194720555,0.0,94.91055312900184,1080.6969829863679,15.732742223482433,448.06569319030007,63.02050821371951,0.0,264.74966547439124,0.0
1,5,-3256.8307652107724,-0.8506520386780494,443.7989691100098,63.4211194720555,0.0,94.91055312900184,1017.9408840379633,9.9658973067545,448.06569319030007,63.02050821371951,0.0,264.74966547439124,0.0
1,6,-3193.6424300012495,-6.27952747818847,443.7989691100098,63.4211194720555,0.0,94.91055312900184,955.1847850895592,4.199052390026651,448.06569319030007,63.02050821371951,0.0,264.74966547439124,0.0
1,7,-3130.4540947917267,-11.708402917698862,443.7989691100098,63.4211194720555,0.0,94.91055312900184,892.4286861411549,-1.5677925267013109,448.06569319030007,63.02050821371951,0.0,264.74966547439124,0.0
1,8,-3067.265759582204,-17.137278357209283,443.7989691100098,63.4211194720555,0.0,94.91055312900184,829.6725871927508,-7.334637443429273,448.06569319030007,63.02050821371951,0.0,264.74966547439124,0.0
1,9,-3004.077424372681,-22.566153796719675,443.7989691100098,63.4211194720555,0.0,94.91055312900184,766.9164882443465,-13.10148236015712,448.06569319030007,63.02050821371951,0.0,264.74966547439124,0.0
1,10,-2940.889089163158,-27.995029236230096,443.7989691100098,63.4211194720555,0.0,94.91055312900184,704.1603892959424,-18.868327276885083,448.06569319030007,63.02050821371951,0.0,264.74966547439124,0.0
1,11,-2877.7007539536353,-33.423904675740516,443.7989691100098,63.4211194720555,0.0,94.91055312900184,641.4042903475381,-24.635172193612988,448.06569319030007,63.02050821371951,0.0,264.74966547439124,0.0
1,12,-2814.512418744113,-38.85278011525091,443.7989691100098,63.4211194720555,0.0,94.91055312900184,578.648191399134,-30.402017110340893,448.06569319030007,63.02050821371951,0.0,264.74966547439124,0.0
1,13,-2751.32408353459,-44.28165555476133,443.7989691100098,63.4211194720555,0.0,94.91055312900184,515.8920924507299,-36.16886202706888,448.06569319030007,63.02050821371951,0.0,264.74966547439124,0.0
1,14,-2688.135748325067,-49.71053099427175,443.7989691100098,63.4211194720555,0.0,94.91055312900184,453.13599350232585,-41.93570694379679,448.06569319030007,63.02050821371951,0.0,264.74966547439124,0.0
1,15,-2624.9474131155444,-55.13940643378214,443.7989691100098,63.4211194720555,0.0,94.91055312900184,390.37989455392153,-47.70255186052469,448.06569319030007,63.02050821371951,0.0,264.74966547439124,0.0
1,16,-2561.7590779060215,-60.56828187329256,443.7989691100098,63.4211194720555,0.0,94.91055312900184,327.62379560551744,-53.469396777252626,448.06569319030007,63.02050821371951,0.0,264.74966547439124,0.0
1,17,-2498.5707426964987,-65.99715731280298,443.7989691100098,63.4211194720555,0.0,94.91055312900184,264.86769665711313,-59.236241693980546,448.06569319030007,63.02050821371951,0.0,264.74966547439124,0.0
1,18,-2435.3824074869763,-71.42603275231338,443.7989691100098,63.4211194720555,0.0,94.91055312900184,202.11159770870904,-65.00308661070848,448.06569319030007,63.02050821371951,0.0,264.74966547439124,0.0
1,19,-2372.1940722774534,-76.8549081918238,443.7989691100098,63.4211194720555,0.0,94.91055312900184,139.35549876030473,-70.76993152743638,448.06569319030007,63.02050821371951,0.0,264.74966547439124,0.0
1,20,-2309.0057370679306,-82.28378363133422,443.7989691100098,63.4211194720555,0.0,94.91055312900184,76.59939981190064,-76.53677644416432,448.06569319030007,63.02050821371951,0.0,264.74966547439124,0.0
1,21,-2245.8174018584077,-87.71265907084461,443.7989691100098,63.4211194720555,0.0,94.91055312900184,13.843300863496324,-82.30362136089225,448.06569319030007,63.02050821371951,0.0,264.74966547439124,0.0
1,22,-2182.629066648885,-93.14153451035503,443.7989691100098,63.4211194720555,0.0,94.91055312900184,-48.91279808490776,-88.07046627762016,448.06569319030007,63.02050821371951,0.0,264.74966547439124,0.0
1,23,-2119.440731439362,-98.57040994986544,443.7989691100098,63.4211194720555,0.0,94.91055312900184,-111.66889703331185,-93.8373111943481,448.06569319030007,63.02050821371951,0.0,264.74966547439124,0.0
1,24,-2056.252396229839,-103.99928538937584,443.7989691100098,63.4211194720555,0.0,94.91055312900184,-174.42499598171605,-99.60415611107601,448.06569319030007,63.02050821371951,0.0,264.74966547439124,0.0
1,25,-1993.0640610203163,-109.42816082888626,443.7989691100098,63.4211194720555,0.0,94.91055312900184,-237.18109493012025,-105.37100102780391,448.06569319030007,63.02050821371951,0.0,264.74966547439124,0.0
1,26,-1929.8757258107937,-114.85703626839667,443.7989691100098,63.4211194720555,0.0,94.91055312900184,-299.93719387852434,-111.13784594453189,448.06569319030007,63.02050821371951,0.0,264.74966547439124,0.0
1,27,-1866.6873906012709,-120.28591170790708,443.7989691100098,63.4211194720555,0.0,94.91055312900184,-362.69329282692854,-116.90469086125978,448.06569319030007,63.02050821371951,0.0,264.74966547439124,0.0
1,28,-1803.499055391748,-125.7147871474175,443.7989691100098,63.4211194720555,0.0,94.91055312900184,-425.44939177533274,-122.67153577798769,448.06569319030007,63.02050821371951,0.0,264.74966547439124,0.0
1,29,-1740.3107201822254,-131.14366258692792,443.7989691100098,63.4211194720555,0.0,94.91055312900184,-488.20549072373694,-128.43838069471562,448.06569319030007,63.02050821371951,0.0,264.74966547439124,0.0
1,30,-1677.1223849727025,-136.5725380264383,443.7989691100098,63.4211194720555,0.0,94.91055312900184,-550.9615896721411,-134.20522561144352,448.06569319030007,63.02050821371951,0.0,264.74966547439124,0.0
1,31,-1613.9340497631797,-142.00141346594873,443.7989691100098,63.4211194720555,0.0,94.91055312900184,-613.7176886205453,-139.97207052817146,448.06569319030007,63.02050821371951,0.0,264.74966547439124,0.0
1,32,-1550.7457145536569,-147.43028890545912,443.7989691100098,63.4211194720555,0.0,94.91055312900184,-676.4737875689495,-145.73891544489936,448.06569319030007,63.02050821371951,0.0,264.74966547439124,0.0
1,33,-1487.557379344134,-152.85916434496954,443.7989691100098,63.4211194720555,0.0,94.91055312900184,-739.2298865173536,-151.5057603616273,448.06569319030007,63.02050821371951,0.0,264.74966547439124,0.0
1,34,-1424.3690441346114,-158.28803978447996,443.7989691100098,63.4211194720555,0.0,94.91055312900184,-801.985985465758,-157.27260527835523,448.06569319030007,63.02050821371951,0.0,264.74966547439124,0.0
1,35,-1361.1807089250885,-163.71691522399036,443.7989691100098,63.4211194720555,0.0,94.91055312900184,-864.742084414162,-163.03945019508313,448.06569319030007,63.02050821371951,0.0,264.74966547439124,0.0
1,36,-1297.9923737155657,-169.14579066350078,443.7989691100098,63.4211194720555,0.0,94.91055312900184,-927.4981833625662,-168.80629511181107,448.06569319030007,63.02050821371951,0.0,264.74966547439124,0.0
1,37,-1234.804038506043,-174.5746661030112,443.7989691100098,63.4211194720555,0.0,94.91055312900184,-990.2542823109704,-174.57314002853897,448.06569319030007,63.02050821371951,0.0,264.74966547439124,0.0
1,38,-1171.6157032965202,-180.0035415425216,443.7989691100098,63.4211194720555,0.0,94.91055312900184,-1053.0103812593748,-180.3399849452669,448.06569319030007,63.02050821371951,0.0,264.74966547439124,0.0
1,39,-1108.4273680869974,-185.432416982032,443.7989691100098,63.4211194720555,0.0,94.91055312900184,-1115.7664802077788,-186.10682986199484,448.06569319030007,63.02050821371951,0.0,264.74966547439124,0.0
1,40,-1045.2390328774745,-190.86129242154243,443.7989691100098,63.4211194720555,0.0,94.91055312900184,-1178.522579156183,-191.87367477872274,448.06569319030007,63.02050821371951,0.0,264.74966547439124,0.0
1,41,-982.0506976679518,-196.29016786105282,443.7989691100098,63.4211194720555,0.0,94.91055312900184,-1241.2786781045872,-197.64051969545068,448.06569319030007,63.02050821371951,0.0,264.74966547439124,0.0
1,42,-918.8623624584291,-201.71904330056324,443.7989691100098,63.4211194720555,0.0,94.91055312900184,-1304.0347770529913,-203.40736461217858,448.06569319030007,63.02050821371951,0.0,264.74966547439124,0.0
1,43,-855.6740272489062,-207.14791874007366,443.7989691100098,63.4211194720555,0.0,94.91055312900184,-1366.7908760013956,-209.17420952890652,448.06569319030007,63.02050821371951,0.0,264.74966547439124,0.0
1,44,-792.4856920393834,-212.57679417958406,443.7989691100098,63.4211194720555,0.0,94.91055312900184,-1429.5469749497997,-214.94105444563442,448.06569319030007,63.02050821371951,0.0,264.74966547439124,0.0
1,45,-729.2973568298606,-218.00566961909448,443.7989691100098,63.4211194720555,0.0,94.91055312900184,-1492.3030738982038,-220.70789936236235,448.06569319030007,63.02050821371951,0.0,264.74966547439124,0.0
1,46,-666.1090216203379,-223.4345450586049,443.7989691100098,63.4211194720555,0.0,94.91055312900184,-1555.0591728466081,-226.4747442790903,448.06569319030007,63.02050821371951,0.0,264.74966547439124,0.0
1,47,-602.920686410815,-228.8634204981153,443.7989691100098,63.4211194720555,0.0,94.91055312900184,-1617.8152717950122,-232.2415891958182,448.06569319030007,63.02050821371951,0.0,264.74966547439124,0.0
1,48,-539.7323512012922,-234.2922959376257,443.7989691100098,63.4211194720555,0.0,94.91055312900184,-1680.5713707434165,-238.00843411254613,448.06569319030007,63.02050821371951,0.0,264.74966547439124,0.0
1,49,-476.54401599176947,-239.7211713771361,443.7989691100098,63.4211194720555,0.0,94.91055312900184,-1743.3274696918206,-243.77527902927403,448.06569319030007,63.02050821371951,0.0,264.74966547439124,0.0
2,0,2489.249874647975,-1535.722348851917,-180.57588481779305,61.26409238828775,0.0,10.70249516883882,1639.9670773845708,2804.0303515244286,-156.72767579818412,63.200678208972256,0.0,147.012785353439,0.0
2,1,2500.6271929113464,-1475.5239631152995,-180.57588481779305,61.26409238828775,0.0,10.70249516883882,1674.3768051394575,2751.0181231058023,-156.72767579818412,63.200678208972256,0.0,147.012785353439,0.0
2,2,2512.004511174717,-1415.3255773786818,-180.57588481779305,61.26409238828775,0.0,10.70249516883882,1708.786532894344,2698.005894687176,-156.72767579818412,63.200678208972256,0.0,147.012785353439,0.0
2,3,2523.3818294380885,-1355.1271916420642,-180.57588481779305,61.26409238828775,0.0,10.70249516883882,1743.1962606492307,2644.993666268549,-156.72767579818412,63.200678208972256,0.0,147.012785353439,0.0
2,4,2534.75914770146,-1294.9288059054466,-180.57588481779305,61.26409238828775,0.0,10.70249516883882,1777.6059884041174,2591.9814378499223,-156.72767579818412,63.200678208972256,0.0,147.012785353439,0.0
2,5,2546.136465964831,-1234.7304201688287,-180.57588481779305,61.26409238828775,0.0,10.70249516883882,1812.0157161590041,2538.969209431296,-156.72767579818412,63.200678208972256,0.0,147.012785353439,0.0
2,6,2557.513784228202,-1174.532034432211,-180.57588481779305,61.26409238828775,0.0,10.70249516883882,1846.4254439138908,2485.956981012669,-156.72767579818412,63.200678208972256,0.0,147.012785353439,0.0
2,7,2568.8911024915733,-1114.3336486955934,-180.57588481779305,61.26409238828775,0.0,10.70249516883882,1880.8351716687775,2432.9447525940427,-156.72767579818412,63.200678208972256,0.0,147.012785353439,0.0
2,8,2580.2684207549446,-1054.1352629589758,-180.57588481779305,61.26409238828775,0.0,10.70249516883882,1915.2448994236643,2379.932524175416,-156.72767579818412,63.200678208972256,0.0,147.012785353439,0.0
2,9,2591.645739018316,-993.9368772223579,-180.57588481779305,61.26409238828775,0.0,10.70249516883882,1949.654627178551,2326.9202957567895,-156.72767579818412,63.200678208972256,0.0,147.012785353439,0.0
2,10,2603.0230572816868,-933.7384914857403,-180.57588481779305,61.26409238828775,0.0,10.70249516883882,1984.0643549334377,2273.908067338163,-156.72767579818412,63.200678208972256,0.0,147.012785353439,0.0
2,11,2614.400375545058,-873.5401057491226,-180.57588481779305,61.26409238828775,0.0,10.70249516883882,2018.4740826883244,2220.895838919536,-156.72767579818412,63.200678208972256,0.0,147.012785353439,0.0
2,12,2625.7776938084294,-813.341720012505,-180.57588481779305,61.26409238828775,0.0,10.70249516883882,2052.883810443211,2167.8836105009095,-156.72767579818412,63.200678208972256,0.0,147.012785353439,0.0
2,13,2637.1550120718002,-753.1433342758871,-180.57588481779305,61.26409238828775,0.0,10.70249516883882,2087.293538198098,2114.871382082283,-156.72767579818412,63.200678208972256,0.0,147.012785353439,0.0
2,14,2648.5323303351715,-692.9449485392695,-180.57588481779305,61.26409238828775,0.0,10.70249516883882,2121.703265952984,2061.859153663657,-156.72767579818412,63.200678208972256,0.0,147.012785353439,0.0
2,15,2659.909648598543,-632.7465628026519,-180.57588481779305,61.26409238828775,0.0,10.70249516883882,2156.112993707871,2008.8469252450298,-156.72767579818412,63.200678208972256,0.0,147.012785353439,0.0
2,16,2671.286966861914,-572.548177066034,-180.57588481779305,61.26409238828775,0.0,10.70249516883882,2190.5227214627575,1955.8346968264032,-156.72767579818412,63.200678208972256,0.0,147.012785353439,0.0
2,17,2682.6642851252855,-512.3497913294163,-180.57588481779305,61.26409238828775,0.0,10.70249516883882,2224.9324492176443,1902.8224684077766,-156.72767579818412,63.200678208972256,0.0,147.012785353439,0.0
2,18,2694.0416033886563,-452.1514055927985,-180.57588481779305,61.26409238828775,0.0,10.70249516883882,2259.342176972531,1849.81023998915,-156.72767579818412,63.200678208972256,0.0,147.012785353439,0.0
2,19,2705.4189216520276,-391.95301985618084,-180.57588481779305,61.26409238828775,0.0,10.70249516883882,2293.751904727418,1796.7980115705236,-156.72767579818412,63.200678208972256,0.0,147.012785353439,0.0
2,20,2716.796239915399,-331.7546341195632,-180.57588481779305,61.26409238828775,0.0,10.70249516883882,2328.1616324823044,1743.7857831518968,-156.72767579818412,63.200678208972256,0.0,147.012785353439,0.0
2,21,2728.1735581787702,-271.55624838294557,-180.57588481779305,61.26409238828775,0.0,10.70249516883882,2362.571360237191,1690.7735547332702,-156.72767579818412,63.200678208972256,0.0,147.012785353439,0.0
2,22,2739.550876442141,-211.35786264632782,-180.57588481779305,61.26409238828775,0.0,10.70249516883882,2396.981087992078,1637.7613263146436,-156.72767579818412,63.200678208972256,0.0,147.012785353439,0.0
2,23,2750.9281947055124,-151.15947690971018,-180.57588481779305,61.26409238828775,0.0,10.70249516883882,2431.3908157469646,1584.749097896017,-156.72767579818412,63.200678208972256,0.0,147.012785353439,0.0
2,24,2762.3055129688837,-90.96109117309243,-180.57588481779305,61.26409238828775,0.0,10.70249516883882,2465.8005435018513,1531.7368694773904,-156.72767579818412,63.200678208972256,0.0,147.012785353439,0.0
2,25,2773.682831232255,-30.76270543647479,-180.57588481779305,61.26409238828775,0.0,10.70249516883882,2500.210271256738,1478.7246410587636,-156.72767579818412,63.200678208972256,0.0,147.012785353439,0.0
2,26,2785.060149495626,29.435680300142963,-180.57588481779305,61.26409238828775,0.0,10.70249516883882,2534.6199990116247,1425.7124126401372,-156.72767579818412,63.200678208972256,0.0,147.012785353439,0.0
2,27,2796.437467758997,89.6340660367606,-180.57588481779305,61.26409238828775,0.0,10.70249516883882,2569.0297267665114,1372.7001842215107,-156.72767579818412,63.200678208972256,0.0,147.012785353439,0.0
2,28,2807.8147860223685,149.83245177337835,-180.57588481779305,61.26409238828775,0.0,10.70249516883882,2603.439454521398,1319.687955802884,-156.72767579818412,63.200678208972256,0.0,147.012785353439,0.0
2,29,2819.19210428574,210.0308375099961,-180.57588481779305,61.26409238828775,0.0,10.70249516883882,2637.849182276285,1266.6757273842575,-156.72767579818412,63.200678208972256,0.0,147.012785353439,0.0
2,30,2830.5694225491106,270.22922324661374,-180.57588481779305,61.26409238828775,0.0,10.70249516883882,2672.2589100311716,1213.6634989656309,-156.72767579818412,63.200678208972256,0.0,147.012785353439,0.0
2,31,2841.946740812482,330.42760898323144,-180.57588481779305,61.26409238828775,0.0,10.70249516883882,2706.668637786058,1160.6512705470043,-156.72767579818412,63.200678208972256,0.0,147.012785353439,0.0
2,32,2853.3240590758533,390.62599471984913,-180.57588481779305,61.26409238828775,0.0,10.70249516883882,2741.0783655409446,1107.6390421283777,-156.72767579818412,63.200678208972256,0.0,147.012785353439,0.0
2,33,2864.7013773392246,450.8243804564668,-180.57588481779305,61.26409238828775,0.0,10.70249516883882,2775.4880932958313,1054.626813709751,-156.72767579818412,63.200678208972256,0.0,147.012785353439,0.0
2,34,2876.0786956025954,511.0227661930846,-180.57588481779305,61.26409238828775,0.0,10.70249516883882,2809.897821050718,1001.6145852911245,-156.72767579818412,63.200678208972256,0.0,147.012785353439,0.0
2,35,2887.4560138659667,571.2211519297023,-180.57588481779305,61.26409238828775,0.0,10.70249516883882,2844.3075488056047,948.6023568724979,-156.72767579818412,63.200678208972256,0.0,147.012785353439,0.0
2,36,2898.833332129338,631.4195376663199,-180.57588481779305,61.26409238828775,0.0,10.70249516883882,2878.7172765604914,895.5901284538712,-156.72767579818412,63.200678208972256,0.0,147.012785353439,0.0
2,37,2910.210650392709,691.6179234029377,-180.57588481779305,61.26409238828775,0.0,10.70249516883882,2913.127004315378,842.5779000352446,-156.72767579818412,63.200678208972256,0.0,147.012785353439,0.0
2,38,2921.58796865608,751.8163091395553,-180.57588481779305,61.26409238828775,0.0,10.70249516883882,2947.536732070265,789.565671616618,-156.72767579818412,63.200678208972256,0.0,147.012785353439,0.0
2,39,2932.9652869194515,812.014694876173,-180.57588481779305,61.26409238828775,0.0,10.70249516883882,2981.9464598251516,736.5534431979914,-156.72767579818412,63.200678208972256,0.0,147.012785353439,0.0
2,40,2944.342605182823,872.2130806127908,-180.57588481779305,61.26409238828775,0.0,10.70249516883882,3016.3561875800383,683.5412147793649,-156.72767579818412,63.200678208972256,0.0,147.012785353439,0.0
2,41,2955.719923446194,932.4114663494084,-180.57588481779305,61.26409238828775,0.0,10.70249516883882,3050.765915334925,630.5289863607383,-156.72767579818412,63.200678208972256,0.0,147.012785353439,0.0
2,42,2967.097241709565,992.6098520860262,-180.57588481779305,61.26409238828775,0.0,10.70249516883882,3085.1756430898117,577.5167579421117,-156.72767579818412,63.200678208972256,0.0,147.012785353439,0.0
2,43,2978.4745599729363,1052.8082378226438,-180.57588481779305,61.26409238828775,0.0,10.70249516883882,3119.5853708446984,524.5045295234851,-156.72767579818412,63.200678208972256,0.0,147.012785353439,0.0
2,44,2989.8518782363076,1113.0066235592615,-180.57588481779305,61.26409238828775,0.0,10.70249516883882,3153.995098599585,471.4923011048585,-156.72767579818412,63.200678208972256,0.0,147.012785353439,0.0
2,45,3001.2291964996784,1173.2050092958793,-180.57588481779305,61.26409238828775,0.0,10.70249516883882,3188.404826354472,418.4800726862319,-156.72767579818412,63.200678208972256,0.0,147.012785353439,0.0
2,46,3012.6065147630497,1233.403395032497,-180.57588481779305,61.26409238828775,0.0,10.70249516883882,3222.814554109358,365.4678442676053,-156.72767579818412,63.200678208972256,0.0,147.012785353439,0.0
2,47,3023.983833026421,1293.6017807691146,-180.57588481779305,61.26409238828775,0.0,10.70249516883882,3257.224281864245,312.45561584897865,-156.72767579818412,63.200678208972256,0.0,147.012785353439,0.0
2,48,3035.3611512897924,1353.8001665057322,-180.57588481779305,61.26409238828775,0.0,10.70249516883882,3291.6340096191316,259.443387430352,-156.72767579818412,63.200678208972256,0.0,147.012785353439,0.0
2,49,3046.738469553163,1413.99855224235,-180.57588481779305,61.26409238828775,0.0,10.70249516883882,3326.0437373740183,206.4311590117254,-156.72767579818412,63.200678208972256,0.0,147.012785353439,0.0
3,0,5401.258574152231,-3719.34148600606,435.85052276709666,64.10783376486478,0.0,286.3849583839184,534.3202790451123,-3299.6332465101727,447.3413694937174,65.5222027887565,0.0,443.4003425351834,0.0
3,1,5339.754283669252,-3701.257332660961,435.85052276709666,64.10783376486478,0.0,286.3849583839184,599.4082958591393,-3292.1027003475183,447.3413694937174,65.5222027887565,0.0,443.4003425351834,0.0
3,2,5278.249993186275,-3683.173179315862,435.85052276709666,64.10783376486478,0.0,286.3849583839184,664.4963126731664,-3284.5721541848643,447.3413694937174,65.5222027887565,0.0,443.4003425351834,0.0
3,3,5216.745702703298,-3665.089025970763,435.85052276709666,64.10783376486478,0.0,286.3849583839184,729.5843294871929,-3277.04160802221,447.3413694937174,65.5222027887565,0.0,443.4003425351834,0.0
3,4,5155.24141222032,-3647.0048726256637,435.85052276709666,64.10783376486478,0.0,286.3849583839184,794.6723463012199,-3269.511061859556,447.3413694937174,65.5222027887565,0.0,443.4003425351834,0.0
3,5,5093.737121737342,-3628.9207192805648,435.85052276709666,64.10783376486478,0.0,286.3849583839184,859.760363115247,-3261.9805156969014,447.3413694937174,65.5222027887565,0.0,443.4003425351834,0.0
3,6,5032.232831254365,-3610.836565935466,435.85052276709666,64.10783376486478,0.0,286.3849583839184,924.848379929274,-3254.4499695342474,447.3413694937174,65.5222027887565,0.0,443.4003425351834,0.0
3,7,4970.728540771387,-3592.7524125903665,435.85052276709666,64.10783376486478,0.0,286.3849583839184,989.9363967433012,-3246.9194233715934,447.3413694937174,65.5222027887565,0.0,443.4003425351834,0.0
3,8,4909.224250288409,-3574.6682592452676,435.85052276709666,64.10783376486478,0.0,286.3849583839184,1055.0244135573282,-3239.3888772089394,447.3413694937174,65.5222027887565,0.0,443.4003425351834,0.0
3,9,4847.719959805432,-3556.5841059001687,435.85052276709666,64.10783376486478,0.0,286.3849583839184,1120.1124303713552,-3231.858331046285,447.3413694937174,65.5222027887565,0.0,443.4003425351834,0.0
3,10,4786.215669322455,-3538.4999525550697,435.85052276709666,64.10783376486478,0.0,286.3849583839184,1185.2004471853822,-3224.327784883631,447.3413694937174,65.5222027887565,0.0,443.4003425351834,0.0
3,11,4724.711378839477,-3520.4157992099704,435.85052276709666,64.10783376486478,0.0,286.3849583839184,1250.2884639994093,-3216.797238720977,447.3413694937174,65.5222027887565,0.0,443.4003425351834,0.0
3,12,4663.207088356499,-3502.3316458648715,435.85052276709666,64.10783376486478,0.0,286.3849583839184,1315.3764808134363,-3209.2666925583226,447.3413694937174,65.5222027887565,0.0,443.4003425351834,0.0
3,13,4601.702797873522,-3484.2474925197725,435.85052276709666,64.10783376486478,0.0,286.3849583839184,1380.4644976274633,-3201.7361463956686,447.3413694937174,65.5222027887565,0.0,443.4003425351834,0.0
3,14,4540.198507390544,-3466.1633391746736,435.85052276709666,64.10783376486478,0.0,286.3849583839184,1445.5525144414903,-3194.205600233014,447.3413694937174,65.5222027887565,0.0,443.4003425351834,0.0
3,15,4478.694216907567,-3448.0791858295743,435.85052276709666,64.10783376486478,0.0,286.3849583839184,1510.6405312555173,-3186.67505407036,447.3413694937174,65.5222027887565,0.0,443.4003425351834,0.0
3,16,4417.189926424589,-3429.9950324844754,435.85052276709666,64.10783376486478,0.0,286.3849583839184,1575.7285480695443,-3179.1445079077057,447.3413694937174,65.5222027887565,0.0,443.4003425351834,0.0
3,17,4355.685635941612,-3411.9108791393764,435.85052276709666,64.10783376486478,0.0,286.3849583839184,1640.8165648835716,-3171.6139617450517,447.3413694937174,65.5222027887565,0.0,443.4003425351834,0.0
3,18,4294.1813454586345,-3393.8267257942775,435.85052276709666,64.10783376486478,0.0,286.3849583839184,1705.9045816975984,-3164.0834155823977,447.3413694937174,65.5222027887565,0.0,443.4003425351834,0.0
3,19,4232.677054975657,-3375.742572449178,435.85052276709666,64.10783376486478,0.0,286.3849583839184,1770.9925985116256,-3156.5528694197437,447.3413694937174,65.5222027887565,0.0,443.4003425351834,0.0
3,20,4171.17276449268,-3357.6584191040793,435.85052276709666,64.10783376486478,0.0,286.3849583839184,1836.0806153256526,-3149.0223232570893,447.3413694937174,65.5222027887565,0.0,443.4003425351834,0.0
3,21,4109.668474009703,-3339.5742657589803,435.85052276709666,64.10783376486478,0.0,286.3849583839184,1901.1686321396794,-3141.4917770944353,447.3413694937174,65.5222027887565,0.0,443.4003425351834,0.0
3,22,4048.1641835267246,-3321.4901124138814,435.85052276709666,64.10783376486478,0.0,286.3849583839184,1966.2566489537064,-3133.961230931781,447.3413694937174,65.5222027887565,0.0,443.4003425351834,0.0
3,23,3986.6598930437467,-3303.405959068782,435.85052276709666,64.10783376486478,0.0,286.3849583839184,2031.3446657677337,-3126.430684769127,447.3413694937174,65.5222027887565,0.0,443.4003425351834,0.0
3,24,3925.1556025607692,-3285.321805723683,435.85052276709666,64.10783376486478,0.0,286.3849583839184,2096.4326825817607,-3118.900138606473,447.3413694937174,65.5222027887565,0.0,443.4003425351834,0.0
3,25,3863.6513120777918,-3267.2376523785842,435.85052276709666,64.10783376486478,0.0,286.3849583839184,2161.5206993957877,-3111.3695924438184,447.3413694937174,65.5222027887565,0.0,443.4003425351834,0.0
3,26,3802.1470215948143,-3249.153499033485,435.85052276709666,64.10783376486478,0.0,286.3849583839184,2226.6087162098147,-3103.8390462811644,447.3413694937174,65.5222027887565,0.0,443.4003425351834,0.0
3,27,3740.642731111837,-3231.069345688386,435.85052276709666,64.10783376486478,0.0,286.3849583839184,2291.6967330238417,-3096.30850011851,447.3413694937174,65.5222027887565,0.0,443.4003425351834,0.0
3,28,3679.138440628859,-3212.985192343287,435.85052276709666,64.10783376486478,0.0,286.3849583839184,2356.7847498378687,-3088.777953955856,447.3413694937174,65.5222027887565,0.0,443.4003425351834,0.0
3,29,3617.634150145882,-3194.901038998188,435.85052276709666,64.10783376486478,0.0,286.3849583839184,2421.8727666518957,-3081.247407793202,447.3413694937174,65.5222027887565,0.0,443.4003425351834,0.0
3,30,3556.129859662904,-3176.816885653089,435.85052276709666,64.10783376486478,0.0,286.3849583839184,2486.9607834659228,-3073.7168616305476,447.3413694937174,65.5222027887565,0.0,443.4003425351834,0.0
3,31,3494.6255691799265,-3158.73273230799,435.85052276709666,64.10783376486478,0.0,286.3849583839184,2552.04880027995,-3066.1863154678936,447.3413694937174,65.5222027887565,0.0,443.4003425351834,0.0
3,32,3433.121278696949,-3140.648578962891,435.85052276709666,64.10783376486478,0.0,286.3849583839184,2617.136817093977,-3058.6557693052396,447.3413694937174,65.5222027887565,0.0,443.4003425351834,0.0
3,33,3371.6169882139716,-3122.564425617792,435.85052276709666,64.10783376486478,0.0,286.3849583839184,2682.224833908004,-3051.125223142585,447.3413694937174,65.5222027887565,0.0,443.4003425351834,0.0
3,34,3310.112697730994,-3104.4802722726927,435.85052276709666,64.10783376486478,0.0,286.3849583839184,2747.312850722031,-3043.594676979931,447.3413694937174,65.5222027887565,0.0,443.4003425351834,0.0
3,35,3248.6084072480166,-3086.3961189275938,435.85052276709666,64.10783376486478,0.0,286.3849583839184,2812.400867536058,-3036.064130817277,447.3413694937174,65.5222027887565,0.0,443.4003425351834,0.0
3,36,3187.1041167650387,-3068.311965582495,435.85052276709666,64.10783376486478,0.0,286.3849583839184,2877.488884350085,-3028.5335846546227,447.3413694937174,65.5222027887565,0.0,443.4003425351834,0.0
3,37,3125.5998262820613,-3050.227812237396,435.85052276709666,64.10783376486478,0.0,286.3849583839184,2942.5769011641123,-3021.0030384919687,447.3413694937174,65.5222027887565,0.0,443.4003425351834,0.0
3,38,3064.095535799084,-3032.1436588922966,435.85052276709666,64.10783376486478,0.0,286.3849583839184,3007.6649179781393,-3013.4724923293147,447.3413694937174,65.5222027887565,0.0,443.4003425351834,0.0
3,39,3002.5912453161063,-3014.0595055471977,435.85052276709666,64.10783376486478,0.0,286.3849583839184,3072.7529347921663,-3005.9419461666603,447.3413694937174,65.5222027887565,0.0,443.4003425351834,0.0
3,40,2941.086954833129,-2995.9753522020987,435.85052276709666,64.10783376486478,0.0,286.3849583839184,3137.8409516061934,-2998.4114000040063,447.3413694937174,65.5222027887565,0.0,443.4003425351834,0.0
3,41,2879.5826643501514,-2977.8911988569994,435.85052276709666,64.10783376486478,0.0,286.3849583839184,3202.9289684202204,-2990.880853841352,447.3413694937174,65.5222027887565,0.0,443.4003425351834,0.0
3,42,2818.078373867174,-2959.8070455119005,435.85052276709666,64.10783376486478,0.0,286.3849583839184,3268.0169852342474,-2983.350307678698,447.3413694937174,65.5222027887565,0.0,443.4003425351834,0.0
3,43,2756.574083384196,-2941.7228921668016,435.85052276709666,64.10783376486478,0.0,286.3849583839184,3333.1050020482744,-2975.819761516044,447.3413694937174,65.5222027887565,0.0,443.4003425351834,0.0
3,44,2695.0697929012185,-2923.6387388217026,435.85052276709666,64.10783376486478,0.0,286.3849583839184,3398.1930188623014,-2968.2892153533894,447.3413694937174,65.5222027887565,0.0,443.4003425351834,0.0
3,45,2633.565502418241,-2905.5545854766033,435.85052276709666,64.10783376486478,0.0,286.3849583839184,3463.2810356763284,-2960.7586691907354,447.3413694937174,65.5222027887565,0.0,443.4003425351834,0.0
3,46,2572.0612119352636,-2887.4704321315044,435.85052276709666,64.10783376486478,0.0,286.3849583839184,3528.3690524903554,-2953.2281230280814,447.3413694937174,65.5222027887565,0.0,443.4003425351834,0.0
3,47,2510.556921452286,-2869.3862787864055,435.85052276709666,64.10783376486478,0.0,286.3849583839184,3593.4570693043825,-2945.697576865427,447.3413694937174,65.5222027887565,0.0,443.4003425351834,0.0
3,48,2449.0526309693087,-2851.3021254413065,435.85052276709666,64.10783376486478,0.0,286.3849583839184,3658.5450861184095,-2938.167030702773,447.3413694937174,65.5222027887565,0.0,443.4003425351834,0.0
3,49,2387.5483404863307,-2833.217972096207,435.85052276709666,64.10783376486478,0.0,286.3849583839184,3723.6331029324365,-2930.6364845401185,447.3413694937174,65.5222027887565,0.0,443.4003425351834,0.0
4,0,-1452.749091011322,-290.93094235012785,87.14769707841663,67.31724761296556,0.0,276.68441359740314,-4284.983655036299,2347.1457870160493,93.90068125088072,60.22235907175239,0.0,534.497181423863,0.0
4,1,-1519.6087396169628,-283.0951772620484,87.14769707841663,67.31724761296556,0.0,276.68441359740314,-4279.208648813842,2287.200963759177,93.90068125088072,60.22235907175239,0.0,534.497181423863,0.0
4,2,-1586.4683882226036,-275.2594121739689,87.14769707841663,67.31724761296556,0.0,276.68441359740314,-4273.433642591385,2227.256140502305,93.90068125088072,60.22235907175239,0.0,534.497181423863,0.0
4,3,-1653.3280368282444,-267.4236470858894,87.14769707841663,67.31724761296556,0.0,276.68441359740314,-4267.6586363689285,2167.3113172454323,93.90068125088072,60.22235907175239,0.0,534.497181423863,0.0
4,4,-1720.1876854338848,-259.5878819978099,87.14769707841663,67.31724761296556,0.0,276.68441359740314,-4261.883630146472,2107.36649398856,93.90068125088072,60.22235907175239,0.0,534.497181423863,0.0
4,5,-1787.0473340395256,-251.75211690973043,87.14769707841663,67.31724761296556,0.0,276.68441359740314,-4256.108623924015,2047.4216707316875,93.90068125088072,60.22235907175239,0.0,534.497181423863,0.0
4,6,-1853.906982645166,-243.91635182165095,87.14769707841663,67.31724761296556,0.0,276.68441359740314,-4250.333617701558,1987.4768474748153,93.90068125088072,60.22235907175239,0.0,534.497181423863,0.0
4,7,-1920.7666312508068,-236.08058673357144,87.14769707841663,67.31724761296556,0.0,276.68441359740314,-4244.5586114791,1927.5320242179428,93.90068125088072,60.22235907175239,0.0,534.497181423863,0.0
4,8,-1987.6262798564476,-228.24482164549192,87.14769707841663,67.31724761296556,0.0,276.68441359740314,-4238.783605256644,1867.5872009610705,93.90068125088072,60.22235907175239,0.0,534.497181423863,0.0
4,9,-2054.485928462088,-220.40905655741247,87.14769707841663,67.31724761296556,0.0,276.68441359740314,-4233.008599034187,1807.642377704198,93.90068125088072,60.22235907175239,0.0,534.497181423863,0.0
4,10,-2121.345577067729,-212.57329146933296,87.14769707841663,67.31724761296556,0.0,276.68441359740314,-4227.23359281173,1747.6975544473257,93.90068125088072,60.22235907175239,0.0,534.497181423863,0.0
4,11,-2188.2052256733696,-204.73752638125347,87.14769707841663,67.31724761296556,0.0,276.68441359740314,-4221.458586589273,1687.7527311904535,93.90068125088072,60.22235907175239,0.0,534.497181423863,0.0
4,12,-2255.0648742790104,-196.901761293174,87.14769707841663,67.31724761296556,0.0,276.68441359740314,-4215.683580366816,1627.8079079335812,93.90068125088072,60.22235907175239,0.0,534.497181423863,0.0
4,13,-2321.924522884651,-189.06599620509448,87.14769707841663,67.31724761296556,0.0,276.68441359740314,-4209.90857414436,1567.8630846767087,93.90068125088072,60.22235907175239,0.0,534.497181423863,0.0
4,14,-2388.7841714902916,-181.230231117015,87.14769707841663,67.31724761296556,0.0,276.68441359740314,-4204.133567921903,1507.9182614198367,93.90068125088072,60.22235907175239,0.0,534.497181423863,0.0
4,15,-2455.6438200959324,-173.3944660289355,87.14769707841663,67.31724761296556,0.0,276.68441359740314,-4198.358561699446,1447.9734381629642,93.90068125088072,60.22235907175239,0.0,534.497181423863,0.0
4,16,-2522.503468701573,-165.55870094085603,87.14769707841663,67.31724761296556,0.0,276.68441359740314,-4192.583555476989,1388.028614906092,93.90068125088072,60.22235907175239,0.0,534.497181423863,0.0
4,17,-2589.3631173072135,-157.72293585277654,87.14769707841663,67.31724761296556,0.0,276.68441359740314,-4186.808549254532,1328.0837916492196,93.90068125088072,60.22235907175239,0.0,534.497181423863,0.0
4,18,-2656.222765912855,-149.88717076469703,87.14769707841663,67.31724761296556,0.0,276.68441359740314,-4181.033543032075,1268.1389683923474,93.90068125088072,60.22235907175239,0.0,534.497181423863,0.0
4,19,-2723.082414518495,-142.05140567661755,87.14769707841663,67.31724761296556,0.0,276.68441359740314,-4175.258536809618,1208.1941451354749,93.90068125088072,60.22235907175239,0.0,534.497181423863,0.0
4,20,-2789.942063124136,-134.21564058853807,87.14769707841663,67.31724761296556,0.0,276.68441359740314,-4169.483530587161,1148.2493218786026,93.90068125088072,60.22235907175239,0.0,534.497181423863,0.0
4,21,-2856.801711729777,-126.37987550045855,87.14769707841663,67.31724761296556,0.0,276.68441359740314,-4163.708524364704,1088.30449862173,93.90068125088072,60.22235907175239,0.0,534.497181423863,0.0
4,22,-2923.661360335417,-118.54411041237907,87.14769707841663,67.31724761296556,0.0,276.68441359740314,-4157.9335181422475,1028.359675364858,93.90068125088072,60.22235907175239,0.0,534.497181423863,0.0
4,23,-2990.521008941058,-110.70834532429957,87.14769707841663,67.31724761296556,0.0,276.68441359740314,-4152.158511919791,968.4148521079857,93.90068125088072,60.22235907175239,0.0,534.497181423863,0.0
4,24,-3057.380657546699,-102.87258023622009,87.14769707841663,67.31724761296556,0.0,276.68441359740314,-4146.383505697334,908.4700288511133,93.90068125088072,60.22235907175239,0.0,534.497181423863,0.0
4,25,-3124.240306152339,-95.03681514814059,87.14769707841663,67.31724761296556,0.0,276.68441359740314,-4140.608499474877,848.525205594241,93.90068125088072,60.22235907175239,0.0,534.497181423863,0.0
4,26,-3191.0999547579804,-87.20105006006109,87.14769707841663,67.31724761296556,0.0,276.68441359740314,-4134.83349325242,788.5803823373686,93.90068125088072,60.22235907175239,0.0,534.497181423863,0.0
4,27,-3257.9596033636208,-79.36528497198161,87.14769707841663,67.31724761296556,0.0,276.68441359740314,-4129.0584870299635,728.6355590804963,93.90068125088072,60.22235907175239,0.0,534.497181423863,0.0
4,28,-3324.8192519692616,-71.52951988390213,87.14769707841663,67.31724761296556,0.0,276.68441359740314,-4123.283480807507,668.690735823624,93.90068125088072,60.22235907175239,0.0,534.497181423863,0.0
4,29,-3391.6789005749024,-63.69375479582263,87.14769707841663,67.31724761296556,0.0,276.68441359740314,-4117.50847458505,608.7459125667516,93.90068125088072,60.22235907175239,0.0,534.497181423863,0.0
4,30,-3458.5385491805428,-55.85798970774313,87.14769707841663,67.31724761296556,0.0,276.68441359740314,-4111.733468362593,548.8010893098793,93.90068125088072,60.22235907175239,0.0,534.497181423863,0.0
4,31,-3525.3981977861836,-48.02222461966364,87.14769707841663,67.31724761296556,0.0,276.68441359740314,-4105.958462140135,488.85626605300706,93.90068125088072,60.22235907175239,0.0,534.497181423863,0.0
4,32,-3592.2578463918244,-40.18645953158415,87.14769707841663,67.31724761296556,0.0,276.68441359740314,-4100.183455917679,428.91144279613474,93.90068125088072,60.22235907175239,0.0,534.497181423863,0.0
4,33,-3659.1174949974647,-32.35069444350466,87.14769707841663,67.31724761296556,0.0,276.68441359740314,-4094.4084496952223,368.96661953926235,93.90068125088072,60.22235907175239,0.0,534.497181423863,0.0
4,34,-3725.9771436031056,-24.514929355425167,87.14769707841663,67.31724761296556,0.0,276.68441359740314,-4088.633443472765,309.0217962823901,93.90068125088072,60.22235907175239,0.0,534.497181423863,0.0
4,35,-3792.8367922087464,-16.679164267345673,87.14769707841663,67.31724761296556,0.0,276.68441359740314,-4082.8584372503083,249.07697302551767,93.90068125088072,60.22235907175239,0.0,534.497181423863,0.0
4,36,-3859.696440814387,-8.843399179266182,87.14769707841663,67.31724761296556,0.0,276.68441359740314,-4077.0834310278515,189.13214976864532,93.90068125088072,60.22235907175239,0.0,534.497181423863,0.0
4,37,-3926.556089420028,-1.0076340911866897,87.14769707841663,67.31724761296556,0.0,276.68441359740314,-4071.3084248053947,129.187326511773,93.90068125088072,60.22235907175239,0.0,534.497181423863,0.0
4,38,-3993.4157380256684,6.828130996892802,87.14769707841663,67.31724761296556,0.0,276.68441359740314,-4065.533418582938,69.24250325490068,93.90068125088072,60.22235907175239,0.0,534.497181423863,0.0
4,39,-4060.275386631309,14.663896084972293,87.14769707841663,67.31724761296556,0.0,276.68441359740314,-4059.758412360481,9.29767999802835,93.90068125088072,60.22235907175239,0.0,534.497181423863,0.0
4,40,-4127.13503523695,22.499661173051784,87.14769707841663,67.31724761296556,0.0,276.68441359740314,-4053.983406138024,-50.64714325884397,93.90068125088072,60.22235907175239,0.0,534.497181423863,0.0
4,41,-4193.99468384259,30.335426261131275,87.14769707841663,67.31724761296556,0.0,276.68441359740314,-4048.208399915567,-110.59196651571631,93.90068125088072,60.22235907175239,0.0,534.497181423863,0.0
4,42,-4260.854332448232,38.17119134921077,87.14769707841663,67.31724761296556,0.0,276.68441359740314,-4042.4333936931102,-170.53678977258863,93.90068125088072,60.22235907175239,0.0,534.497181423863,0.0
4,43,-4327.713981053872,46.006956437290256,87.14769707841663,67.31724761296556,0.0,276.68441359740314,-4036.6583874706535,-230.48161302946096,93.90068125088072,60.22235907175239,0.0,534.497181423863,0.0
4,44,-4394.573629659512,53.842721525369754,87.14769707841663,67.31724761296556,0.0,276.68441359740314,-4030.8833812481967,-290.4264362863333,93.90068125088072,60.22235907175239,0.0,534.497181423863,0.0
4,45,-4461.433278265154,61.678486613449245,87.14769707841663,67.31724761296556,0.0,276.68441359740314,-4025.10837502574,-350.3712595432056,93.90068125088072,60.22235907175239,0.0,534.497181423863,0.0
4,46,-4528.292926870794,69.51425170152874,87.14769707841663,67.31724761296556,0.0,276.68441359740314,-4019.3333688032826,-410.316082800078,93.90068125088072,60.22235907175239,0.0,534.497181423863,0.0
4,47,-4595.152575476435,77.35001678960822,87.14769707841663,67.31724761296556,0.0,276.68441359740314,-4013.558362580826,-470.26090605695026,93.90068125088072,60.22235907175239,0.0,534.497181423863,0.0
4,48,-4662.012224082076,85.18578187768772,87.14769707841663,67.31724761296556,0.0,276.68441359740314,-4007.783356358369,-530.2057293138226,93.90068125088072,60.22235907175239,0.0,534.497181423863,0.0
4,49,-4728.871872687716,93.02154696576721,87.14769707841663,67.31724761296556,0.0,276.68441359740314,-4002.008350135912,-590.1505525706949,93.90068125088072,60.22235907175239,0.0,534.497181423863,0.0
5,0,902.5666186085014,-3076.364863874168,-437.51731556891804,62.27254729592188,0.0,42.19792016302192,3646.4606506640102,814.5272283965933,-453.1801150358204,61.24846566615719,0.0,208.0090976617716,0.0
5,1,944.3946961651063,-3030.2315562251224,-437.51731556891804,62.27254729592188,0.0,42.19792016302192,3617.697651214411,760.4526094971432,-453.1801150358204,61.24846566615719,0.0,208.0090976617716,0.0
5,2,986.2227737217113,-2984.0982485760774,-437.51731556891804,62.27254729592188,0.0,42.19792016302192,3588.934651764811,706.377990597693,-453.1801150358204,61.24846566615719,0.0,208.0090976617716,0.0
5,3,1028.0508512783165,-2937.9649409270323,-437.51731556891804,62.27254729592188,0.0,42.19792016302192,3560.1716523152118,652.3033716982429,-453.1801150358204,61.24846566615719,0.0,208.0090976617716,0.0
5,4,1069.8789288349215,-2891.831633277987,-437.51731556891804,62.27254729592188,0.0,42.19792016302192,3531.408652865612,598.2287527987928,-453.1801150358204,61.24846566615719,0.0,208.0090976617716,0.0
5,5,1111.7070063915264,-2845.6983256289413,-437.51731556891804,62.27254729592188,0.0,42.19792016302192,3502.6456534160125,544.1541338993425,-453.1801150358204,61.24846566615719,0.0,208.0090976617716,0.0
5,6,1153.5350839481314,-2799.565017979896,-437.51731556891804,62.27254729592188,0.0,42.19792016302192,3473.882653966413,490.07951499989235,-453.1801150358204,61.24846566615719,0.0,208.0090976617716,0.0
5,7,1195.3631615047364,-2753.431710330851,-437.51731556891804,62.27254729592188,0.0,42.19792016302192,3445.119654516813,436.004896100442,-453.1801150358204,61.24846566615719,0.0,208.0090976617716,0.0
5,8,1237.1912390613413,-2707.298402681806,-437.51731556891804,62.27254729592188,0.0,42.19792016302192,3416.356655067214,381.9302772009919,-453.1801150358204,61.24846566615719,0.0,208.0090976617716,0.0
5,9,1279.0193166179465,-2661.1650950327603,-437.51731556891804,62.27254729592188,0.0,42.19792016302192,3387.593655617614,327.8556583015418,-453.1801150358204,61.24846566615719,0.0,208.0090976617716,0.0
5,10,1320.8473941745515,-2615.031787383715,-437.51731556891804,62.27254729592188,0.0,42.19792016302192,3358.8306561680147,273.78103940209166,-453.1801150358204,61.24846566615719,0.0,208.0090976617716,0.0
5,11,1362.6754717311564,-2568.8984797346693,-437.51731556891804,62.27254729592188,0.0,42.19792016302192,3330.067656718415,219.70642050264132,-453.1801150358204,61.24846566615719,0.0,208.0090976617716,0.0
5,12,1404.5035492877614,-2522.7651720856243,-437.51731556891804,62.27254729592188,0.0,42.19792016302192,3301.3046572688154,165.6318016031912,-453.1801150358204,61.24846566615719,0.0,208.0090976617716,0.0
5,13,1446.3316268443664,-2476.6318644365792,-437.51731556891804,62.27254729592188,0.0,42.19792016302192,3272.541657819216,111.55718270374109,-453.1801150358204,61.24846566615719,0.0,208.0090976617716,0.0
5,14,1488.1597044009713,-2430.4985567875337,-437.51731556891804,62.27254729592188,0.0,42.19792016302192,3243.7786583696166,57.482563804290976,-453.1801150358204,61.24846566615719,0.0,208.0090976617716,0.0
5,15,1529.9877819575763,-2384.3652491384883,-437.51731556891804,62.27254729592188,0.0,42.19792016302192,3215.015658920017,3.4079449048408605,-453.1801150358204,61.24846566615719,0.0,208.0090976617716,0.0
5,16,1571.8158595141817,-2338.2319414894428,-437.51731556891804,62.27254729592188,0.0,42.19792016302192,3186.2526594704173,-50.66667399460948,-453.1801150358204,61.24846566615719,0.0,208.0090976617716,0.0
5,17,1613.6439370707867,-2292.0986338403977,-437.51731556891804,62.27254729592188,0.0,42.19792016302192,3157.4896600208176,-104.7412928940596,-453.1801150358204,61.24846566615719,0.0,208.0090976617716,0.0
5,18,1655.4720146273917,-2245.9653261913522,-437.51731556891804,62.27254729592188,0.0,42.19792016302192,3128.7266605712184,-158.8159117935097,-453.1801150358204,61.24846566615719,0.0,208.0090976617716,0.0
5,19,1697.3000921839966,-2199.832018542307,-437.51731556891804,62.27254729592188,0.0,42.19792016302192,3099.9636611216188,-212.89053069295983,-453.1801150358204,61.24846566615719,0.0,208.0090976617716,0.0
5,20,1739.1281697406016,-2153.6987108932617,-437.51731556891804,62.27254729592188,0.0,42.19792016302192,3071.200661672019,-266.96514959241006,-453.1801150358204,61.24846566615719,0.0,208.0090976617716,0.0
5,21,1780.9562472972066,-2107.565403244216,-437.51731556891804,62.27254729592188,0.0,42.19792016302192,3042.4376622224195,-321.0397684918602,-453.1801150358204,61.24846566615719,0.0,208.0090976617716,0.0
5,22,1822.7843248538115,-2061.4320955951707,-437.51731556891804,62.27254729592188,0.0,42.19792016302192,3013.67466277282,-375.1143873913103,-453.1801150358204,61.24846566615719,0.0,208.0090976617716,0.0
5,23,1864.6124024104165,-2015.2987879461257,-437.51731556891804,62.27254729592188,0.0,42.19792016302192,2984.9116633232206,-429.1890062907604,-453.1801150358204,61.24846566615719,0.0,208.0090976617716,0.0
5,24,1906.4404799670217,-1969.1654802970804,-437.51731556891804,62.27254729592188,0.0,42.19792016302192,2956.148663873621,-483.26362519021063,-453.1801150358204,61.24846566615719,0.0,208.0090976617716,0.0
5,25,1948.2685575236267,-1923.0321726480352,-437.51731556891804,62.27254729592188,0.0,42.19792016302192,2927.3856644240213,-537.3382440896607,-453.1801150358204,61.24846566615719,0.0,208.0090976617716,0.0
5,26,1990.0966350802316,-1876.8988649989897,-437.51731556891804,62.27254729592188,0.0,42.19792016302192,2898.6226649744217,-591.4128629891109,-453.1801150358204,61.24846566615719,0.0,208.0090976617716,0.0
5,27,2031.9247126368366,-1830.7655573499444,-437.51731556891804,62.27254729592188,0.0,42.19792016302192,2869.8596655248225,-645.4874818885611,-453.1801150358204,61.24846566615719,0.0,208.0090976617716,0.0
5,28,2073.752790193442,-1784.6322497008991,-437.51731556891804,62.27254729592188,0.0,42.19792016302192,2841.096666075223,-699.5621007880112,-453.1801150358204,61.24846566615719,0.0,208.0090976617716,0.0
5,29,2115.5808677500468,-1738.4989420518536,-437.51731556891804,62.27254729592188,0.0,42.19792016302192,2812.333666625623,-753.6367196874614,-453.1801150358204,61.24846566615719,0.0,208.0090976617716,0.0
5,30,2157.4089453066517,-1692.3656344028084,-437.51731556891804,62.27254729592188,0.0,42.19792016302192,2783.5706671760236,-807.7113385869116,-453.1801150358204,61.24846566615719,0.0,208.0090976617716,0.0
5,31,2199.2370228632567,-1646.2323267537631,-437.51731556891804,62.27254729592188,0.0,42.19792016302192,2754.807667726424,-861.7859574863617,-453.1801150358204,61.24846566615719,0.0,208.0090976617716,0.0
5,32,2241.0651004198617,-1600.0990191047179,-437.51731556891804,62.27254729592188,0.0,42.19792016302192,2726.0446682768243,-915.8605763858119,-453.1801150358204,61.24846566615719,0.0,208.0090976617716,0.0
5,33,2282.8931779764666,-1553.9657114556726,-437.51731556891804,62.27254729592188,0.0,42.19792016302192,2697.281668827225,-969.9351952852621,-453.1801150358204,61.24846566615719,0.0,208.0090976617716,0.0
5,34,2324.7212555330716,-1507.832403806627,-437.51731556891804,62.27254729592188,0.0,42.19792016302192,2668.5186693776254,-1024.0098141847122,-453.1801150358204,61.24846566615719,0.0,208.0090976617716,0.0
5,35,2366.549333089677,-1461.6990961575818,-437.51731556891804,62.27254729592188,0.0,42.19792016302192,2639.755669928026,-1078.0844330841624,-453.1801150358204,61.24846566615719,0.0,208.0090976617716,0.0
5,36,2408.377410646282,-1415.5657885085366,-437.51731556891804,62.27254729592188,0.0,42.19792016302192,2610.992670478426,-1132.1590519836125,-453.1801150358204,61.24846566615719,0.0,208.0090976617716,0.0
5,37,2450.205488202887,-1369.432480859491,-437.51731556891804,62.27254729592188,0.0,42.19792016302192,2582.229671028827,-1186.2336708830628,-453.1801150358204,61.24846566615719,0.0,208.0090976617716,0.0
5,38,2492.033565759492,-1323.2991732104458,-437.51731556891804,62.27254729592188,0.0,42.19792016302192,2553.4666715792273,-1240.308289782513,-453.1801150358204,61.24846566615719,0.0,208.0090976617716,0.0
5,39,2533.861643316097,-1277.1658655614006,-437.51731556891804,62.27254729592188,0.0,42.19792016302192,2524.7036721296276,-1294.382908681963,-453.1801150358204,61.24846566615719,0.0,208.0090976617716,0.0
5,40,2575.689720872702,-1231.0325579123553,-437.51731556891804,62.27254729592188,0.0,42.19792016302192,2495.940672680028,-1348.4575275814132,-453.1801150358204,61.24846566615719,0.0,208.0090976617716,0.0
5,41,2617.517798429307,-1184.89925026331,-437.51731556891804,62.27254729592188,0.0,42.19792016302192,2467.1776732304284,-1402.5321464808633,-453.1801150358204,61.24846566615719,0.0,208.0090976617716,0.0
5,42,2659.345875985912,-1138.7659426142645,-437.51731556891804,62.27254729592188,0.0,42.19792016302192,2438.414673780829,-1456.6067653803134,-453.1801150358204,61.24846566615719,0.0,208.0090976617716,0.0
5,43,2701.1739535425168,-1092.6326349652193,-437.51731556891804,62.27254729592188,0.0,42.19792016302192,2409.6516743312295,-1510.6813842797637,-453.1801150358204,61.24846566615719,0.0,208.0090976617716,0.0
5,44,2743.002031099122,-1046.499327316174,-437.51731556891804,62.27254729592188,0.0,42.19792016302192,2380.88867488163,-1564.7560031792138,-453.1801150358204,61.24846566615719,0.0,208.0090976617716,0.0
5,45,2784.830108655727,-1000.3660196671286,-437.51731556891804,62.27254729592188,0.0,42.19792016302192,2352.12567543203,-1618.830622078664,-453.1801150358204,61.24846566615719,0.0,208.0090976617716,0.0
5,46,2826.658186212332,-954.2327120180832,-437.51731556891804,62.27254729592188,0.0,42.19792016302192,2323.3626759824306,-1672.905240978114,-453.1801150358204,61.24846566615719,0.0,208.0090976617716,0.0
5,47,2868.486263768937,-908.099404369038,-437.51731556891804,62.27254729592188,0.0,42.19792016302192,2294.5996765328314,-1726.9798598775642,-453.1801150358204,61.24846566615719,0.0,208.0090976617716,0.0
5,48,2910.314341325542,-861.9660967199927,-437.51731556891804,62.27254729592188,0.0,42.19792016302192,2265.8366770832317,-1781.0544787770145,-453.1801150358204,61.24846566615719,0.0,208.0090976617716,0.0
5,49,2952.142418882147,-815.8327890709473,-437.51731556891804,62.27254729592188,0.0,42.19792016302192,2237.073677633632,-1835.1290976764644,-453.1801150358204,61.24846566615719,0.0,208.0090976617716,0.0
6,0,4723.112453640111,5375.6858056093315,-363.18239347323146,64.22956696986057,0.0,214.1735049129097,3106.3293388214706,765.0663289622694,-361.32113836732816,66.11329984842939,0.0,364.7240627527166,0.0
6,1,4687.034651034662,5322.546089461256,-363.18239347323146,64.22956696986057,0.0,214.1735049129097,3111.774236051491,830.9550344511681,-361.32113836732816,66.11329984842939,0.0,364.7240627527166,0.0
6,2,4650.956848429212,5269.406373313181,-363.18239347323146,64.22956696986057,0.0,214.1735049129097,3117.219133281511,896.8437399400668,-361.32113836732816,66.11329984842939,0.0,364.7240627527166,0.0
6,3,4614.879045823762,5216.266657165105,-363.18239347323146,64.22956696986057,0.0,214.1735049129097,3122.6640305115316,962.732445428966,-361.32113836732816,66.11329984842939,0.0,364.7240627527166,0.0
6,4,4578.801243218313,5163.12694101703,-363.18239347323146,64.22956696986057,0.0,214.1735049129097,3128.1089277415517,1028.6211509178647,-361.32113836732816,66.11329984842939,0.0,364.7240627527166,0.0
6,5,4542.723440612863,5109.987224868954,-363.18239347323146,64.22956696986057,0.0,214.1735049129097,3133.553824971572,1094.509856406764,-361.32113836732816,66.11329984842939,0.0,364.7240627527166,0.0
6,6,4506.645638007413,5056.847508720879,-363.18239347323146,64.22956696986057,0.0,214.1735049129097,3138.9987222015925,1160.3985618956626,-361.32113836732816,66.11329984842939,0.0,364.7240627527166,0.0
6,7,4470.567835401964,5003.7077925728045,-363.18239347323146,64.22956696986057,0.0,214.1735049129097,3144.4436194316127,1226.2872673845613,-361.32113836732816,66.11329984842939,0.0,364.7240627527166,0.0
6,8,4434.490032796514,4950.568076424728,-363.18239347323146,64.22956696986057,0.0,214.1735049129097,3149.8885166616333,1292.17597287346,-361.32113836732816,66.11329984842939,0.0,364.7240627527166,0.0
6,9,4398.412230191065,4897.428360276654,-363.18239347323146,64.22956696986057,0.0,214.1735049129097,3155.3334138916534,1358.064678362359,-361.32113836732816,66.11329984842939,0.0,364.7240627527166,0.0
6,10,4362.334427585615,4844.288644128578,-363.18239347323146,64.22956696986057,0.0,214.1735049129097,3160.778311121674,1423.953383851258,-361.32113836732816,66.11329984842939,0.0,364.7240627527166,0.0
6,11,4326.256624980166,4791.148927980503,-363.18239347323146,64.22956696986057,0.0,214.1735049129097,3166.223208351694,1489.842089340157,-361.32113836732816,66.11329984842939,0.0,364.7240627527166,0.0
6,12,4290.178822374716,4738.009211832427,-363.18239347323146,64.22956696986057,0.0,214.1735049129097,3171.6681055817144,1555.7307948290556,-361.32113836732816,66.11329984842939,0.0,364.7240627527166,0.0
6,13,4254.101019769267,4684.869495684352,-363.18239347323146,64.22956696986057,0.0,214.1735049129097,3177.113002811735,1621.6195003179544,-361.32113836732816,66.11329984842939,0.0,364.7240627527166,0.0
6,14,4218.023217163817,4631.7297795362765,-363.18239347323146,64.22956696986057,0.0,214.1735049129097,3182.557900041755,1687.5082058068533,-361.32113836732816,66.11329984842939,0.0,364.7240627527166,0.0
6,15,4181.945414558368,4578.590063388201,-363.18239347323146,64.22956696986057,0.0,214.1735049129097,3188.0027972717758,1753.3969112957523,-361.32113836732816,66.11329984842939,0.0,364.7240627527166,0.0
6,16,4145.867611952918,4525.450347240126,-363.18239347323146,64.22956696986057,0.0,214.1735049129097,3193.447694501796,1819.2856167846512,-361.32113836732816,66.11329984842939,0.0,364.7240627527166,0.0
6,17,4109.789809347469,4472.31063109205,-363.18239347323146,64.22956696986057,0.0,214.1735049129097,3198.8925917318165,1885.17432227355,-361.32113836732816,66.11329984842939,0.0,364.7240627527166,0.0
6,18,4073.7120067420187,4419.170914943975,-363.18239347323146,64.22956696986057,0.0,214.1735049129097,3204.3374889618367,1951.0630277624487,-361.32113836732816,66.11329984842939,0.0,364.7240627527166,0.0
6,19,4037.634204136569,4366.031198795899,-363.18239347323146,64.22956696986057,0.0,214.1735049129097,3209.7823861918573,2016.9517332513476,-361.32113836732816,66.11329984842939,0.0,364.7240627527166,0.0
6,20,4001.5564015311197,4312.891482647825,-363.18239347323146,64.22956696986057,0.0,214.1735049129097,3215.2272834218775,2082.840438740246,-361.32113836732816,66.11329984842939,0.0,364.7240627527166,0.0
6,21,3965.4785989256698,4259.751766499749,-363.18239347323146,64.22956696986057,0.0,214.1735049129097,3220.6721806518976,2148.7291442291453,-361.32113836732816,66.11329984842939,0.0,364.7240627527166,0.0
6,22,3929.4007963202203,4206.612050351674,-363.18239347323146,64.22956696986057,0.0,214.1735049129097,3226.1170778819182,2214.6178497180445,-361.32113836732816,66.11329984842939,0.0,364.7240627527166,0.0
6,23,3893.3229937147707,4153.472334203599,-363.18239347323146,64.22956696986057,0.0,214.1735049129097,3231.5619751119384,2280.5065552069427,-361.32113836732816,66.11329984842939,0.0,364.7240627527166,0.0
6,24,3857.2451911093212,4100.332618055523,-363.18239347323146,64.22956696986057,0.0,214.1735049129097,3237.006872341959,2346.395260695842,-361.32113836732816,66.11329984842939,0.0,364.7240627527166,0.0
6,25,3821.1673885038717,4047.192901907448,-363.18239347323146,64.22956696986057,0.0,214.1735049129097,3242.451769571979,2412.2839661847406,-361.32113836732816,66.11329984842939,0.0,364.7240627527166,0.0
6,26,3785.0895858984222,3994.0531857593724,-363.18239347323146,64.22956696986057,0.0,214.1735049129097,3247.8966668019993,2478.1726716736393,-361.32113836732816,66.11329984842939,0.0,364.7240627527166,0.0
6,27,3749.0117832929727,3940.913469611297,-363.18239347323146,64.22956696986057,0.0,214.1735049129097,3253.34156403202,2544.0613771625385,-361.32113836732816,66.11329984842939,0.0,364.7240627527166,0.0
6,28,3712.933980687523,3887.7737534632215,-363.18239347323146,64.22956696986057,0.0,214.1735049129097,3258.78646126204,2609.9500826514372,-361.32113836732816,66.11329984842939,0.0,364.7240627527166,0.0
6,29,3676.8561780820733,3834.634037315146,-363.18239347323146,64.22956696986057,0.0,214.1735049129097,3264.2313584920607,2675.838788140336,-361.32113836732816,66.11329984842939,0.0,364.7240627527166,0.0
6,30,3640.7783754766238,3781.4943211670707,-363.18239347323146,64.22956696986057,0.0,214.1735049129097,3269.676255722081,2741.727493629235,-361.32113836732816,66.11329984842939,0.0,364.7240627527166,0.0
6,31,3604.7005728711742,3728.3546050189957,-363.18239347323146,64.22956696986057,0.0,214.1735049129097,3275.1211529521015,2807.616199118134,-361.32113836732816,66.11329984842939,0.0,364.7240627527166,0.0
6,32,3568.6227702657247,3675.2148888709203,-363.18239347323146,64.22956696986057,0.0,214.1735049129097,3280.5660501821217,2873.5049046070326,-361.32113836732816,66.11329984842939,0.0,364.7240627527166,0.0
6,33,3532.5449676602752,3622.075172722845,-363.18239347323146,64.22956696986057,0.0,214.1735049129097,3286.010947412142,2939.3936100959318,-361.32113836732816,66.11329984842939,0.0,364.7240627527166,0.0
6,34,3496.4671650548257,3568.9354565747694,-363.18239347323146,64.22956696986057,0.0,214.1735049129097,3291.4558446421624,3005.2823155848305,-361.32113836732816,66.11329984842939,0.0,364.7240627527166,0.0
6,35,3460.389362449376,3515.795740426694,-363.18239347323146,64.22956696986057,0.0,214.1735049129097,3296.9007418721826,3071.171021073729,-361.32113836732816,66.11329984842939,0.0,364.7240627527166,0.0
6,36,3424.3115598439263,3462.656024278619,-363.18239347323146,64.22956696986057,0.0,214.1735049129097,3302.345639102203,3137.059726562628,-361.32113836732816,66.11329984842939,0.0,364.7240627527166,0.0
6,37,3388.2337572384768,3409.5163081305436,-363.18239347323146,64.22956696986057,0.0,214.1735049129097,3307.7905363322234,3202.948432051527,-361.32113836732816,66.11329984842939,0.0,364.7240627527166,0.0
6,38,3352.1559546330272,3356.376591982468,-363.18239347323146,64.22956696986057,0.0,214.1735049129097,3313.2354335622435,3268.837137540426,-361.32113836732816,66.11329984842939,0.0,364.7240627527166,0.0
6,39,3316.0781520275777,3303.236875834393,-363.18239347323146,64.22956696986057,0.0,214.1735049129097,3318.680330792264,3334.7258430293246,-361.32113836732816,66.11329984842939,0.0,364.7240627527166,0.0
6,40,3280.0003494221282,3250.0971596863174,-363.18239347323146,64.22956696986057,0.0,214.1735049129097,3324.1252280222843,3400.6145485182237,-361.32113836732816,66.11329984842939,0.0,364.7240627527166,0.0
6,41,3243.9225468166787,3196.957443538242,-363.18239347323146,64.22956696986057,0.0,214.1735049129097,3329.570125252305,3466.5032540071225,-361.32113836732816,66.11329984842939,0.0,364.7240627527166,0.0
6,42,3207.844744211229,3143.8177273901665,-363.18239347323146,64.22956696986057,0.0,214.1735049129097,3335.015022482325,3532.391959496021,-361.32113836732816,66.11329984842939,0.0,364.7240627527166,0.0
6,43,3171.7669416057793,3090.6780112420915,-363.18239347323146,64.22956696986057,0.0,214.1735049129097,3340.4599197123457,3598.28066498492,-361.32113836732816,66.11329984842939,0.0,364.7240627527166,0.0
6,44,3135.6891390003298,3037.538295094016,-363.18239347323146,64.22956696986057,0.0,214.1735049129097,3345.904816942366,3664.169370473819,-361.32113836732816,66.11329984842939,0.0,364.7240627527166,0.0
6,45,3099.6113363948803,2984.3985789459407,-363.18239347323146,64.22956696986057,0.0,214.1735049129097,3351.349714172386,3730.058075962718,-361.32113836732816,66.11329984842939,0.0,364.7240627527166,0.0
6,46,3063.5335337894307,2931.2588627978653,-363.18239347323146,64.22956696986057,0.0,214.1735049129097,3356.7946114024066,3795.9467814516165,-361.32113836732816,66.11329984842939,0.0,364.7240627527166,0.0
6,47,3027.4557311839812,2878.11914664979,-363.18239347323146,64.22956696986057,0.0,214.1735049129097,3362.239508632427,3861.8354869405157,-361.32113836732816,66.11329984842939,0.0,364.7240627527166,0.0
6,48,2991.3779285785317,2824.979430501715,-363.18239347323146,64.22956696986057,0.0,214.1735049129097,3367.6844058624474,3927.7241924294144,-361.32113836732816,66.11329984842939,0.0,364.7240627527166,0.0
6,49,2955.3001259730822,2771.8397143536395,-363.18239347323146,64.22956696986057,0.0,214.1735049129097,3373.1293030924676,3993.612897918313,-361.32113836732816,66.11329984842939,0.0,364.7240627527166,0.0
7,0,4542.834536166845,5946.484605688847,-303.3815384043389,66.69067168469448,0.0,201.15204336967534,3418.4679537732122,1149.5531191526811,-319.84768986932755,61.21324633862233,0.0,364.48113057353805,0.0
7,1,4518.769601600906,5884.287140997007,-303.3815384043389,66.69067168469448,0.0,201.15204336967534,3423.250592032681,1210.5792438747367,-319.84768986932755,61.21324633862233,0.0,364.48113057353805,0.0
7,2,4494.704667034966,5822.089676305166,-303.3815384043389,66.69067168469448,0.0,201.15204336967534,3428.03323029215,1271.6053685967927,-319.84768986932755,61.21324633862233,0.0,364.48113057353805,0.0
7,3,4470.639732469027,5759.892211613325,-303.3815384043389,66.69067168469448,0.0,201.15204336967534,3432.815868551619,1332.6314933188487,-319.84768986932755,61.21324633862233,0.0,364.48113057353805,0.0
7,4,4446.5747979030875,5697.694746921485,-303.3815384043389,66.69067168469448,0.0,201.15204336967534,3437.5985068110876,1393.6576180409043,-319.84768986932755,61.21324633862233,0.0,364.48113057353805,0.0
7,5,4422.509863337148,5635.497282229644,-303.3815384043389,66.69067168469448,0.0,201.15204336967534,3442.381145070557,1454.6837427629603,-319.84768986932755,61.21324633862233,0.0,364.48113057353805,0.0
7,6,4398.444928771209,5573.2998175378025,-303.3815384043389,66.69067168469448,0.0,201.15204336967534,3447.163783330026,1515.7098674850163,-319.84768986932755,61.21324633862233,0.0,364.48113057353805,0.0
7,7,4374.37999420527,5511.102352845963,-303.3815384043389,66.69067168469448,0.0,201.15204336967534,3451.9464215894945,1576.735992207072,-319.84768986932755,61.21324633862233,0.0,364.48113057353805,0.0
7,8,4350.315059639331,5448.904888154122,-303.3815384043389,66.69067168469448,0.0,201.15204336967534,3456.7290598489635,1637.7621169291278,-319.84768986932755,61.21324633862233,0.0,364.48113057353805,0.0
7,9,4326.250125073391,5386.7074234622805,-303.3815384043389,66.69067168469448,0.0,201.15204336967534,3461.5116981084325,1698.7882416511839,-319.84768986932755,61.21324633862233,0.0,364.48113057353805,0.0
7,10,4302.185190507452,5324.50995877044,-303.3815384043389,66.69067168469448,0.0,201.15204336967534,3466.2943363679015,1759.8143663732399,-319.84768986932755,61.21324633862233,0.0,364.48113057353805,0.0
7,11,4278.120255941512,5262.312494078599,-303.3815384043389,66.69067168469448,0.0,201.15204336967534,3471.0769746273704,1820.8404910952956,-319.84768986932755,61.21324633862233,0.0,364.48113057353805,0.0
7,12,4254.055321375573,5200.115029386759,-303.3815384043389,66.69067168469448,0.0,201.15204336967534,3475.8596128868394,1881.8666158173517,-319.84768986932755,61.21324633862233,0.0,364.48113057353805,0.0
7,13,4229.9903868096335,5137.917564694918,-303.3815384043389,66.69067168469448,0.0,201.15204336967534,3480.6422511463084,1942.8927405394074,-319.84768986932755,61.21324633862233,0.0,364.48113057353805,0.0
7,14,4205.925452243695,5075.720100003077,-303.3815384043389,66.69067168469448,0.0,201.15204336967534,3485.4248894057773,2003.9188652614632,-319.84768986932755,61.21324633862233,0.0,364.48113057353805,0.0
7,15,4181.8605176777555,5013.522635311237,-303.3815384043389,66.69067168469448,0.0,201.15204336967534,3490.2075276652463,2064.9449899835195,-319.84768986932755,61.21324633862233,0.0,364.48113057353805,0.0
7,16,4157.795583111816,4951.325170619396,-303.3815384043389,66.69067168469448,0.0,201.15204336967534,3494.9901659247153,2125.971114705575,-319.84768986932755,61.21324633862233,0.0,364.48113057353805,0.0
7,17,4133.730648545877,4889.127705927555,-303.3815384043389,66.69067168469448,0.0,201.15204336967534,3499.772804184184,2186.997239427631,-319.84768986932755,61.21324633862233,0.0,364.48113057353805,0.0
7,18,4109.665713979937,4826.930241235715,-303.3815384043389,66.69067168469448,0.0,201.15204336967534,3504.555442443653,2248.023364149687,-319.84768986932755,61.21324633862233,0.0,364.48113057353805,0.0
7,19,4085.6007794139978,4764.732776543874,-303.3815384043389,66.69067168469448,0.0,201.15204336967534,3509.338080703122,2309.049488871743,-319.84768986932755,61.21324633862233,0.0,364.48113057353805,0.0
7,20,4061.535844848059,4702.535311852033,-303.3815384043389,66.69067168469448,0.0,201.15204336967534,3514.120718962591,2370.0756135937986,-319.84768986932755,61.21324633862233,0.0,364.48113057353805,0.0
7,21,4037.4709102821193,4640.337847160193,-303.3815384043389,66.69067168469448,0.0,201.15204336967534,3518.90335722206,2431.101738315855,-319.84768986932755,61.21324633862233,0.0,364.48113057353805,0.0
7,22,4013.40597571618,4578.140382468352,-303.3815384043389,66.69067168469448,0.0,201.15204336967534,3523.685995481529,2492.127863037911,-319.84768986932755,61.21324633862233,0.0,364.48113057353805,0.0
7,23,3989.341041150241,4515.942917776511,-303.3815384043389,66.69067168469448,0.0,201.15204336967534,3528.468633740998,2553.1539877599666,-319.84768986932755,61.21324633862233,0.0,364.48113057353805,0.0
7,24,3965.2761065843015,4453.745453084671,-303.3815384043389,66.69067168469448,0.0,201.15204336967534,3533.251272000467,2614.1801124820227,-319.84768986932755,61.21324633862233,0.0,364.48113057353805,0.0
7,25,3941.211172018362,4391.547988392829,-303.3815384043389,66.69067168469448,0.0,201.15204336967534,3538.033910259936,2675.206237204078,-319.84768986932755,61.21324633862233,0.0,364.48113057353805,0.0
7,26,3917.1462374524226,4329.3505237009895,-303.3815384043389,66.69067168469448,0.0,201.15204336967534,3542.816548519405,2736.232361926134,-319.84768986932755,61.21324633862233,0.0,364.48113057353805,0.0
7,27,3893.0813028864836,4267.153059009148,-303.3815384043389,66.69067168469448,0.0,201.15204336967534,3547.599186778874,2797.2584866481902,-319.84768986932755,61.21324633862233,0.0,364.48113057353805,0.0
7,28,3869.016368320544,4204.955594317307,-303.3815384043389,66.69067168469448,0.0,201.15204336967534,3552.381825038343,2858.2846113702462,-319.84768986932755,61.21324633862233,0.0,364.48113057353805,0.0
7,29,3844.9514337546047,4142.758129625467,-303.3815384043389,66.69067168469448,0.0,201.15204336967534,3557.1644632978114,2919.3107360923022,-319.84768986932755,61.21324633862233,0.0,364.48113057353805,0.0
7,30,3820.8864991886658,4080.5606649336264,-303.3815384043389,66.69067168469448,0.0,201.15204336967534,3561.947101557281,2980.3368608143583,-319.84768986932755,61.21324633862233,0.0,364.48113057353805,0.0
7,31,3796.8215646227263,4018.3632002417858,-303.3815384043389,66.69067168469448,0.0,201.15204336967534,3566.7297398167493,3041.362985536414,-319.84768986932755,61.21324633862233,0.0,364.48113057353805,0.0
7,32,3772.756630056787,3956.1657355499447,-303.3815384043389,66.69067168469448,0.0,201.15204336967534,3571.5123780762183,3102.38911025847,-319.84768986932755,61.21324633862233,0.0,364.48113057353805,0.0
7,33,3748.6916954908475,3893.968270858104,-303.3815384043389,66.69067168469448,0.0,201.15204336967534,3576.2950163356873,3163.415234980526,-319.84768986932755,61.21324633862233,0.0,364.48113057353805,0.0
7,34,3724.6267609249085,3831.7708061662634,-303.3815384043389,66.69067168469448,0.0,201.15204336967534,3581.077654595156,3224.4413597025814,-319.84768986932755,61.21324633862233,0.0,364.48113057353805,0.0
7,35,3700.561826358969,3769.5733414744227,-303.3815384043389,66.69067168469448,0.0,201.15204336967534,3585.860292854625,3285.4674844246374,-319.84768986932755,61.21324633862233,0.0,364.48113057353805,0.0
7,36,3676.4968917930296,3707.375876782582,-303.3815384043389,66.69067168469448,0.0,201.15204336967534,3590.642931114094,3346.4936091466934,-319.84768986932755,61.21324633862233,0.0,364.48113057353805,0.0
7,37,3652.43195722709,3645.1784120907414,-303.3815384043389,66.69067168469448,0.0,201.15204336967534,3595.425569373563,3407.5197338687494,-319.84768986932755,61.21324633862233,0.0,364.48113057353805,0.0
7,38,3628.367022661151,3582.9809473989008,-303.3815384043389,66.69067168469448,0.0,201.15204336967534,3600.208207633032,3468.545858590805,-319.84768986932755,61.21324633862233,0.0,364.48113057353805,0.0
7,39,3604.3020880952117,3520.78348270706,-303.3815384043389,66.69067168469448,0.0,201.15204336967534,3604.990845892501,3529.571983312861,-319.84768986932755,61.21324633862233,0.0,364.48113057353805,0.0
7,40,3580.2371535292723,3458.5860180152195,-303.3815384043389,66.69067168469448,0.0,201.15204336967534,3609.77348415197,3590.598108034917,-319.84768986932755,61.21324633862233,0.0,364.48113057353805,0.0
7,41,3556.1722189633333,3396.388553323379,-303.3815384043389,66.69067168469448,0.0,201.15204336967534,3614.556122411439,3651.624232756973,-319.84768986932755,61.21324633862233,0.0,364.48113057353805,0.0
7,42,3532.107284397394,3334.191088631538,-303.3815384043389,66.69067168469448,0.0,201.15204336967534,3619.338760670908,3712.6503574790286,-319.84768986932755,61.21324633862233,0.0,364.48113057353805,0.0
7,43,3508.0423498314544,3271.9936239396975,-303.3815384043389,66.69067168469448,0.0,201.15204336967534,3624.121398930377,3773.6764822010846,-319.84768986932755,61.21324633862233,0.0,364.48113057353805,0.0
7,44,3483.977415265515,3209.796159247857,-303.3815384043389,66.69067168469448,0.0,201.15204336967534,3628.904037189846,3834.7026069231406,-319.84768986932755,61.21324633862233,0.0,364.48113057353805,0.0
7,45,3459.912480699576,3147.598694556016,-303.3815384043389,66.69067168469448,0.0,201.15204336967534,3633.686675449315,3895.7287316451966,-319.84768986932755,61.21324633862233,0.0,364.48113057353805,0.0
7,46,3435.8475461336366,3085.4012298641755,-303.3815384043389,66.69067168469448,0.0,201.15204336967534,3638.469313708784,3956.7548563672526,-319.84768986932755,61.21324633862233,0.0,364.48113057353805,0.0
7,47,3411.782611567697,3023.2037651723344,-303.3815384043389,66.69067168469448,0.0,201.15204336967534,3643.251951968253,4017.780981089308,-319.84768986932755,61.21324633862233,0.0,364.48113057353805,0.0
7,48,3387.7176770017577,2961.006300480494,-303.3815384043389,66.69067168469448,0.0,201.15204336967534,3648.0345902277218,4078.807105811364,-319.84768986932755,61.21324633862233,0.0,364.48113057353805,0.0
7,49,3363.6527424358187,2898.808835788653,-303.3815384043389,66.69067168469448,0.0,201.15204336967534,3652.8172284871907,4139.83323053342,-319.84768986932755,61.21324633862233,0.0,364.48113057353805,0.0
8,0,5268.877417238701,-782.6636891818512,35.81557059830698,62.71118980326379,0.0,195.39544028229813,3647.7089726285153,-5318.298050695132,44.90036573824649,61.98428722779734,0.0,384.050908696762,0.0
8,1,5252.228888703041,-843.1245841813325,35.81557059830698,62.71118980326379,0.0,195.39544028229813,3672.9705566856574,-5261.695009839874,44.90036573824649,61.98428722779734,0.0,384.050908696762,0.0
8,2,5235.58036016738,-903.5854791808133,35.81557059830698,62.71118980326379,0.0,195.39544028229813,3698.2321407427994,-5205.091968984616,44.90036573824649,61.98428722779734,0.0,384.050908696762,0.0
8,3,5218.9318316317185,-964.0463741802942,35.81557059830698,62.71118980326379,0.0,195.39544028229813,3723.4937247999414,-5148.488928129358,44.90036573824649,61.98428722779734,0.0,384.050908696762,0.0
8,4,5202.283303096057,-1024.507269179775,35.81557059830698,62.71118980326379,0.0,195.39544028229813,3748.7553088570835,-5091.885887274099,44.90036573824649,61.98428722779734,0.0,384.050908696762,0.0
8,5,5185.634774560397,-1084.9681641792563,35.81557059830698,62.71118980326379,0.0,195.39544028229813,3774.0168929142255,-5035.2828464188415,44.90036573824649,61.98428722779734,0.0,384.050908696762,0.0
8,6,5168.986246024736,-1145.429059178737,35.81557059830698,62.71118980326379,0.0,195.39544028229813,3799.2784769713676,-4978.679805563583,44.90036573824649,61.98428722779734,0.0,384.050908696762,0.0
8,7,5152.337717489076,-1205.8899541782182,35.81557059830698,62.71118980326379,0.0,195.39544028229813,3824.5400610285096,-4922.076764708325,44.90036573824649,61.98428722779734,0.0,384.050908696762,0.0
8,8,5135.6891889534145,-1266.350849177699,35.81557059830698,62.71118980326379,0.0,195.39544028229813,3849.8016450856517,-4865.473723853067,44.90036573824649,61.98428722779734,0.0,384.050908696762,0.0
8,9,5119.040660417753,-1326.8117441771801,35.81557059830698,62.71118980326379,0.0,195.39544028229813,3875.0632291427937,-4808.870682997808,44.90036573824649,61.98428722779734,0.0,384.050908696762,0.0
8,10,5102.392131882092,-1387.272639176661,35.81557059830698,62.71118980326379,0.0,195.39544028229813,3900.324813199936,-4752.26764214255,44.90036573824649,61.98428722779734,0.0,384.050908696762,0.0
8,11,5085.743603346432,-1447.733534176142,35.81557059830698,62.71118980326379,0.0,195.39544028229813,3925.586397257078,-4695.664601287292,44.90036573824649,61.98428722779734,0.0,384.050908696762,0.0
8,12,5069.095074810771,-1508.1944291756229,35.81557059830698,62.71118980326379,0.0,195.39544028229813,3950.8479813142203,-4639.061560432034,44.90036573824649,61.98428722779734,0.0,384.050908696762,0.0
8,13,5052.44654627511,-1568.655324175104,35.81557059830698,62.71118980326379,0.0,195.39544028229813,3976.109565371362,-4582.458519576776,44.90036573824649,61.98428722779734,0.0,384.050908696762,0.0
8,14,5035.798017739449,-1629.1162191745848,35.81557059830698,62.71118980326379,0.0,195.39544028229813,4001.3711494285044,-4525.855478721517,44.90036573824649,61.98428722779734,0.0,384.050908696762,0.0
8,15,5019.149489203788,-1689.5771141740659,35.81557059830698,62.71118980326379,0.0,195.39544028229813,4026.6327334856464,-4469.252437866259,44.90036573824649,61.98428722779734,0.0,384.050908696762,0.0
8,16,5002.500960668127,-1750.038009173547,35.81557059830698,62.71118980326379,0.0,195.39544028229813,4051.8943175427885,-4412.6493970110005,44.90036573824649,61.98428722779734,0.0,384.050908696762,0.0
8,17,4985.852432132467,-1810.498904173028,35.81557059830698,62.71118980326379,0.0,195.39544028229813,4077.1559015999305,-4356.046356155743,44.90036573824649,61.98428722779734,0.0,384.050908696762,0.0
8,18,4969.2039035968055,-1870.9597991725088,35.81557059830698,62.71118980326379,0.0,195.39544028229813,4102.417485657073,-4299.443315300485,44.90036573824649,61.98428722779734,0.0,384.050908696762,0.0
8,19,4952.555375061144,-1931.4206941719897,35.81557059830698,62.71118980326379,0.0,195.39544028229813,4127.679069714214,-4242.840274445227,44.90036573824649,61.98428722779734,0.0,384.050908696762,0.0
8,20,4935.906846525484,-1991.8815891714708,35.81557059830698,62.71118980326379,0.0,195.39544028229813,4152.940653771357,-4186.237233589968,44.90036573824649,61.98428722779734,0.0,384.050908696762,0.0
8,21,4919.258317989823,-2052.3424841709516,35.81557059830698,62.71118980326379,0.0,195.39544028229813,4178.202237828498,-4129.63419273471,44.90036573824649,61.98428722779734,0.0,384.050908696762,0.0
8,22,4902.609789454162,-2112.803379170433,35.81557059830698,62.71118980326379,0.0,195.39544028229813,4203.463821885641,-4073.031151879452,44.90036573824649,61.98428722779734,0.0,384.050908696762,0.0
8,23,4885.9612609185015,-2173.2642741699137,35.81557059830698,62.71118980326379,0.0,195.39544028229813,4228.725405942783,-4016.4281110241936,44.90036573824649,61.98428722779734,0.0,384.050908696762,0.0
8,24,4869.31273238284,-2233.7251691693946,35.81557059830698,62.71118980326379,0.0,195.39544028229813,4253.986989999925,-3959.825070168936,44.90036573824649,61.98428722779734,0.0,384.050908696762,0.0
8,25,4852.664203847179,-2294.1860641688754,35.81557059830698,62.71118980326379,0.0,195.39544028229813,4279.248574057067,-3903.2220293136775,44.90036573824649,61.98428722779734,0.0,384.050908696762,0.0
8,26,4836.015675311519,-2354.6469591683563,35.81557059830698,62.71118980326379,0.0,195.39544028229813,4304.510158114209,-3846.618988458419,44.90036573824649,61.98428722779734,0.0,384.050908696762,0.0
8,27,4819.367146775858,-2415.1078541678376,35.81557059830698,62.71118980326379,0.0,195.39544028229813,4329.771742171351,-3790.015947603161,44.90036573824649,61.98428722779734,0.0,384.050908696762,0.0
8,28,4802.7186182401965,-2475.5687491673184,35.81557059830698,62.71118980326379,0.0,195.39544028229813,4355.033326228493,-3733.412906747903,44.90036573824649,61.98428722779734,0.0,384.050908696762,0.0
8,29,4786.070089704536,-2536.0296441667992,35.81557059830698,62.71118980326379,0.0,195.39544028229813,4380.2949102856355,-3676.8098658926447,44.90036573824649,61.98428722779734,0.0,384.050908696762,0.0
8,30,4769.421561168875,-2596.4905391662805,35.81557059830698,62.71118980326379,0.0,195.39544028229813,4405.556494342777,-3620.2068250373864,44.90036573824649,61.98428722779734,0.0,384.050908696762,0.0
8,31,4752.773032633214,-2656.9514341657614,35.81557059830698,62.71118980326379,0.0,195.39544028229813,4430.81807839992,-3563.6037841821285,44.90036573824649,61.98428722779734,0.0,384.050908696762,0.0
8,32,4736.124504097554,-2717.412329165242,35.81557059830698,62.71118980326379,0.0,195.39544028229813,4456.079662457061,-3507.00074332687,44.90036573824649,61.98428722779734,0.0,384.050908696762,0.0
8,33,4719.4759755618925,-2777.873224164723,35.81557059830698,62.71118980326379,0.0,195.39544028229813,4481.341246514204,-3450.397702471612,44.90036573824649,61.98428722779734,0.0,384.050908696762,0.0
8,34,4702.827447026231,-2838.3341191642044,35.81557059830698,62.71118980326379,0.0,195.39544028229813,4506.602830571345,-3393.7946616163536,44.90036573824649,61.98428722779734,0.0,384.050908696762,0.0
8,35,4686.178918490571,-2898.795014163685,35.81557059830698,62.71118980326379,0.0,195.39544028229813,4531.864414628488,-3337.1916207610957,44.90036573824649,61.98428722779734,0.0,384.050908696762,0.0
8,36,4669.53038995491,-2959.255909163166,35.81557059830698,62.71118980326379,0.0,195.39544028229813,4557.125998685629,-3280.5885799058374,44.90036573824649,61.98428722779734,0.0,384.050908696762,0.0
8,37,4652.881861419249,-3019.716804162647,35.81557059830698,62.71118980326379,0.0,195.39544028229813,4582.387582742772,-3223.985539050579,44.90036573824649,61.98428722779734,0.0,384.050908696762,0.0
8,38,4636.233332883588,-3080.177699162128,35.81557059830698,62.71118980326379,0.0,195.39544028229813,4607.6491667999135,-3167.382498195321,44.90036573824649,61.98428722779734,0.0,384.050908696762,0.0
8,39,4619.584804347927,-3140.638594161609,35.81557059830698,62.71118980326379,0.0,195.39544028229813,4632.910750857056,-3110.779457340063,44.90036573824649,61.98428722779734,0.0,384.050908696762,0.0
8,40,4602.936275812266,-3201.09948916109,35.81557059830698,62.71118980326379,0.0,195.39544028229813,4658.172334914198,-3054.1764164848046,44.90036573824649,61.98428722779734,0.0,384.050908696762,0.0
8,41,4586.287747276606,-3261.560384160571,35.81557059830698,62.71118980326379,0.0,195.39544028229813,4683.43391897134,-2997.5733756295463,44.90036573824649,61.98428722779734,0.0,384.050908696762,0.0
8,42,4569.639218740945,-3322.021279160052,35.81557059830698,62.71118980326379,0.0,195.39544028229813,4708.695503028483,-2940.9703347742884,44.90036573824649,61.98428722779734,0.0,384.050908696762,0.0
8,43,4552.9906902052835,-3382.482174159533,35.81557059830698,62.71118980326379,0.0,195.39544028229813,4733.957087085624,-2884.36729391903,44.90036573824649,61.98428722779734,0.0,384.050908696762,0.0
8,44,4536.342161669623,-3442.9430691590137,35.81557059830698,62.71118980326379,0.0,195.39544028229813,4759.218671142767,-2827.764253063772,44.90036573824649,61.98428722779734,0.0,384.050908696762,0.0
8,45,4519.693633133962,-3503.403964158495,35.81557059830698,62.71118980326379,0.0,195.39544028229813,4784.480255199908,-2771.161212208514,44.90036573824649,61.98428722779734,0.0,384.050908696762,0.0
8,46,4503.045104598301,-3563.864859157976,35.81557059830698,62.71118980326379,0.0,195.39544028229813,4809.741839257051,-2714.5581713532556,44.90036573824649,61.98428722779734,0.0,384.050908696762,0.0
8,47,4486.396576062641,-3624.3257541574567,35.81557059830698,62.71118980326379,0.0,195.39544028229813,4835.003423314192,-2657.9551304979973,44.90036573824649,61.98428722779734,0.0,384.050908696762,0.0
8,48,4469.7480475269795,-3684.7866491569375,35.81557059830698,62.71118980326379,0.0,195.39544028229813,4860.265007371335,-2601.352089642739,44.90036573824649,61.98428722779734,0.0,384.050908696762,0.0
8,49,4453.099518991318,-3745.247544156419,35.81557059830698,62.71118980326379,0.0,195.39544028229813,4885.526591428476,-2544.749048787481,44.90036573824649,61.98428722779734,0.0,384.050908696762,0.0
9,0,564.8314672544429,-4036.161797539432,-267.54713457152604,62.35387371013897,0.0,250.6867264971674,-4264.422764317419,-5573.544571892346,-282.0937916473837,68.19688370452361,0.0,433.86627072718807,0.0
9,1,505.98659786830376,-4056.7842831701255,-267.54713457152604,62.35387371013897,0.0,250.6867264971674,-4198.911764671522,-5554.594007985075,-282.0937916473837,68.19688370452361,0.0,433.86627072718807,0.0
9,2,447.1417284821646,-4077.406768800819,-267.54713457152604,62.35387371013897,0.0,250.6867264971674,-4133.400765025624,-5535.643444077804,-282.0937916473837,68.19688370452361,0.0,433.86627072718807,0.0
9,3,388.29685909602495,-4098.0292544315125,-267.54713457152604,62.35387371013897,0.0,250.6867264971674,-4067.889765379727,-5516.692880170533,-282.0937916473837,68.19688370452361,0.0,433.86627072718807,0.0
9,4,329.45198970988577,-4118.651740062206,-267.54713457152604,62.35387371013897,0.0,250.6867264971674,-4002.3787657338303,-5497.742316263261,-282.0937916473837,68.19688370452361,0.0,433.86627072718807,0.0
9,5,270.60712032374636,-4139.2742256929,-267.54713457152604,62.35387371013897,0.0,250.6867264971674,-3936.867766087933,-5478.79175235599,-282.0937916473837,68.19688370452361,0.0,433.86627072718807,0.0
9,6,211.76225093760718,-4159.896711323592,-267.54713457152604,62.35387371013897,0.0,250.6867264971674,-3871.3567664420357,-5459.84118844872,-282.0937916473837,68.19688370452361,0.0,433.86627072718807,0.0
9,7,152.91738155146777,-4180.519196954286,-267.54713457152604,62.35387371013897,0.0,250.6867264971674,-3805.8457667961384,-5440.890624541448,-282.0937916473837,68.19688370452361,0.0,433.86627072718807,0.0
9,8,94.07251216532836,-4201.141682584979,-267.54713457152604,62.35387371013897,0.0,250.6867264971674,-3740.334767150241,-5421.940060634177,-282.0937916473837,68.19688370452361,0.0,433.86627072718807,0.0
9,9,35.22764277918918,-4221.764168215673,-267.54713457152604,62.35387371013897,0.0,250.6867264971674,-3674.8237675043442,-5402.989496726906,-282.0937916473837,68.19688370452361,0.0,433.86627072718807,0.0
9,10,-23.617226606950226,-4242.386653846366,-267.54713457152604,62.35387371013897,0.0,250.6867264971674,-3609.312767858447,-5384.038932819634,-282.0937916473837,68.19688370452361,0.0,433.86627072718807,0.0
9,11,-82.46209599308963,-4263.00913947706,-267.54713457152604,62.35387371013897,0.0,250.6867264971674,-3543.8017682125496,-5365.088368912364,-282.0937916473837,68.19688370452361,0.0,433.86627072718807,0.0
9,12,-141.30696537922904,-4283.631625107753,-267.54713457152604,62.35387371013897,0.0,250.6867264971674,-3478.2907685666523,-5346.137805005093,-282.0937916473837,68.19688370452361,0.0,433.86627072718807,0.0
9,13,-200.15183476536845,-4304.254110738447,-267.54713457152604,62.35387371013897,0.0,250.6867264971674,-3412.7797689207555,-5327.187241097821,-282.0937916473837,68.19688370452361,0.0,433.86627072718807,0.0
9,14,-258.99670415150786,-4324.87659636914,-267.54713457152604,62.35387371013897,0.0,250.6867264971674,-3347.2687692748577,-5308.23667719055,-282.0937916473837,68.19688370452361,0.0,433.86627072718807,0.0
9,15,-317.84157353764704,-4345.499081999834,-267.54713457152604,62.35387371013897,0.0,250.6867264971674,-3281.757769628961,-5289.286113283279,-282.0937916473837,68.19688370452361,0.0,433.86627072718807,0.0
9,16,-376.68644292378644,-4366.121567630527,-267.54713457152604,62.35387371013897,0.0,250.6867264971674,-3216.246769983063,-5270.335549376007,-282.0937916473837,68.19688370452361,0.0,433.86627072718807,0.0
9,17,-435.53131230992585,-4386.744053261221,-267.54713457152604,62.35387371013897,0.0,250.6867264971674,-3150.7357703371663,-5251.384985468736,-282.0937916473837,68.19688370452361,0.0,433.86627072718807,0.0
9,18,-494.37618169606526,-4407.366538891914,-267.54713457152604,62.35387371013897,0.0,250.6867264971674,-3085.224770691269,-5232.434421561466,-282.0937916473837,68.19688370452361,0.0,433.86627072718807,0.0
9,19,-553.2210510822047,-4427.989024522607,-267.54713457152604,62.35387371013897,0.0,250.6867264971674,-3019.7137710453717,-5213.483857654194,-282.0937916473837,68.19688370452361,0.0,433.86627072718807,0.0
9,20,-612.0659204683441,-4448.6115101533005,-267.54713457152604,62.35387371013897,0.0,250.6867264971674,-2954.202771399475,-5194.533293746923,-282.0937916473837,68.19688370452361,0.0,433.86627072718807,0.0
9,21,-670.9107898544835,-4469.233995783994,-267.54713457152604,62.35387371013897,0.0,250.6867264971674,-2888.691771753577,-5175.582729839652,-282.0937916473837,68.19688370452361,0.0,433.86627072718807,0.0
9,22,-729.7556592406228,-4489.856481414688,-267.54713457152604,62.35387371013897,0.0,250.6867264971674,-2823.1807721076802,-5156.63216593238,-282.0937916473837,68.19688370452361,0.0,433.86627072718807,0.0
9,23,-788.6005286267621,-4510.478967045381,-267.54713457152604,62.35387371013897,0.0,250.6867264971674,-2757.6697724617825,-5137.68160202511,-282.0937916473837,68.19688370452361,0.0,433.86627072718807,0.0
9,24,-847.4453980129014,-4531.101452676075,-267.54713457152604,62.35387371013897,0.0,250.6867264971674,-2692.1587728158856,-5118.731038117839,-282.0937916473837,68.19688370452361,0.0,433.86627072718807,0.0
9,25,-906.2902673990408,-4551.723938306768,-267.54713457152604,62.35387371013897,0.0,250.6867264971674,-2626.6477731699883,-5099.780474210567,-282.0937916473837,68.19688370452361,0.0,433.86627072718807,0.0
9,26,-965.1351367851802,-4572.346423937462,-267.54713457152604,62.35387371013897,0.0,250.6867264971674,-2561.136773524091,-5080.829910303296,-282.0937916473837,68.19688370452361,0.0,433.86627072718807,0.0
9,27,-1023.9800061713195,-4592.968909568155,-267.54713457152604,62.35387371013897,0.0,250.6867264971674,-2495.6257738781937,-5061.879346396025,-282.0937916473837,68.19688370452361,0.0,433.86627072718807,0.0
9,28,-1082.8248755574589,-4613.591395198849,-267.54713457152604,62.35387371013897,0.0,250.6867264971674,-2430.1147742322964,-5042.928782488753,-282.0937916473837,68.19688370452361,0.0,433.86627072718807,0.0
9,29,-1141.6697449435983,-4634.213880829542,-267.54713457152604,62.35387371013897,0.0,250.6867264971674,-2364.603774586399,-5023.978218581483,-282.0937916473837,68.19688370452361,0.0,433.86627072718807,0.0
9,30,-1200.5146143297377,-4654.836366460236,-267.54713457152604,62.35387371013897,0.0,250.6867264971674,-2299.092774940502,-5005.027654674212,-282.0937916473837,68.19688370452361,0.0,433.86627072718807,0.0
9,31,-1259.359483715877,-4675.458852090929,-267.54713457152604,62.35387371013897,0.0,250.6867264971674,-2233.5817752946045,-4986.07709076694,-282.0937916473837,68.19688370452361,0.0,433.86627072718807,0.0
9,32,-1318.2043531020163,-4696.081337721622,-267.54713457152604,62.35387371013897,0.0,250.6867264971674,-2168.0707756487072,-4967.126526859669,-282.0937916473837,68.19688370452361,0.0,433.86627072718807,0.0
9,33,-1377.0492224881557,-4716.703823352315,-267.54713457152604,62.35387371013897,0.0,250.6867264971674,-2102.5597760028104,-4948.175962952398,-282.0937916473837,68.19688370452361,0.0,433.86627072718807,0.0
9,34,-1435.894091874295,-4737.326308983009,-267.54713457152604,62.35387371013897,0.0,250.6867264971674,-2037.048776356913,-4929.225399045126,-282.0937916473837,68.19688370452361,0.0,433.86627072718807,0.0
9,35,-1494.7389612604345,-4757.948794613702,-267.54713457152604,62.35387371013897,0.0,250.6867264971674,-1971.5377767110158,-4910.274835137856,-282.0937916473837,68.19688370452361,0.0,433.86627072718807,0.0
9,36,-1553.583830646574,-4778.571280244396,-267.54713457152604,62.35387371013897,0.0,250.6867264971674,-1906.0267770651185,-4891.324271230585,-282.0937916473837,68.19688370452361,0.0,433.86627072718807,0.0
9,37,-1612.428700032713,-4799.193765875089,-267.54713457152604,62.35387371013897,0.0,250.6867264971674,-1840.5157774192212,-4872.373707323313,-282.0937916473837,68.19688370452361,0.0,433.86627072718807,0.0
9,38,-1671.2735694188525,-4819.816251505783,-267.54713457152604,62.35387371013897,0.0,250.6867264971674,-1775.004777773324,-4853.423143416042,-282.0937916473837,68.19688370452361,0.0,433.86627072718807,0.0
9,39,-1730.118438804992,-4840.438737136476,-267.54713457152604,62.35387371013897,0.0,250.6867264971674,-1709.4937781274266,-4834.472579508771,-282.0937916473837,68.19688370452361,0.0,433.86627072718807,0.0
9,40,-1788.9633081911313,-4861.06122276717,-267.54713457152604,62.35387371013897,0.0,250.6867264971674,-1643.9827784815295,-4815.522015601499,-282.0937916473837,68.19688370452361,0.0,433.86627072718807,0.0
9,41,-1847.8081775772707,-4881.6837083978635,-267.54713457152604,62.35387371013897,0.0,250.6867264971674,-1578.4717788356322,-4796.571451694229,-282.0937916473837,68.19688370452361,0.0,433.86627072718807,0.0
9,42,-1906.65304696341,-4902.306194028557,-267.54713457152604,62.35387371013897,0.0,250.6867264971674,-1512.960779189735,-4777.620887786958,-282.0937916473837,68.19688370452361,0.0,433.86627072718807,0.0
9,43,-1965.4979163495493,-4922.9286796592505,-267.54713457152604,62.35387371013897,0.0,250.6867264971674,-1447.4497795438376,-4758.670323879686,-282.0937916473837,68.19688370452361,0.0,433.86627072718807,0.0
9,44,-2024.3427857356887,-4943.551165289944,-267.54713457152604,62.35387371013897,0.0,250.6867264971674,-1381.9387798979405,-4739.719759972415,-282.0937916473837,68.19688370452361,0.0,433.86627072718807,0.0
9,45,-2083.1876551218284,-4964.173650920638,-267.54713457152604,62.35387371013897,0.0,250.6867264971674,-1316.4277802520432,-4720.769196065144,-282.0937916473837,68.19688370452361,0.0,433.86627072718807,0.0
9,46,-2142.0325245079675,-4984.796136551331,-267.54713457152604,62.35387371013897,0.0,250.6867264971674,-1250.916780606146,-4701.818632157873,-282.0937916473837,68.19688370452361,0.0,433.86627072718807,0.0
9,47,-2200.8773938941067,-5005.418622182024,-267.54713457152604,62.35387371013897,0.0,250.6867264971674,-1185.4057809602486,-4682.868068250602,-282.0937916473837,68.19688370452361,0.0,433.86627072718807,0.0
9,48,-2259.722263280246,-5026.041107812717,-267.54713457152604,62.35387371013897,0.0,250.6867264971674,-1119.8947813143513,-4663.917504343331,-282.0937916473837,68.19688370452361,0.0,433.86627072718807,0.0
9,49,-2318.5671326663855,-5046.663593443411,-267.54713457152604,62.35387371013897,0.0,250.6867264971674,-1054.383781668454,-4644.966940436059,-282.0937916473837,68.19688370452361,0.0,433.86627072718807,0.0
10,0,-2671.5841232004987,2992.466661433543,52.72974569614348,65.67722610048654,0.0,61.935356521086604,2094.4323112545326,4745.871521330438,58.33506324876313,66.84847636924972,0.0,257.6564582359916,0.0
10,1,-2613.6293991475814,3023.3656579901412,52.72974569614348,65.67722610048654,0.0,61.935356521086604,2029.1291443416526,4731.5811335106955,58.33506324876313,66.84847636924972,0.0,257.6564582359916,0.0
10,2,-2555.6746750946645,3054.2646545467396,52.72974569614348,65.67722610048654,0.0,61.935356521086604,1963.8259774287721,4717.2907456909525,58.33506324876313,66.84847636924972,0.0,257.6564582359916,0.0
10,3,-2497.7199510417477,3085.1636511033375,52.72974569614348,65.67722610048654,0.0,61.935356521086604,1898.5228105158922,4703.00035787121,58.33506324876313,66.84847636924972,0.0,257.6564582359916,0.0
10,4,-2439.7652269888304,3116.0626476599355,52.72974569614348,65.67722610048654,0.0,61.935356521086604,1833.2196436030117,4688.709970051468,58.33506324876313,66.84847636924972,0.0,257.6564582359916,0.0
10,5,-2381.810502935913,3146.9616442165334,52.72974569614348,65.67722610048654,0.0,61.935356521086604,1767.9164766901317,4674.419582231726,58.33506324876313,66.84847636924972,0.0,257.6564582359916,0.0
10,6,-2323.855778882996,3177.8606407731313,52.72974569614348,65.67722610048654,0.0,61.935356521086604,1702.6133097772513,4660.129194411984,58.33506324876313,66.84847636924972,0.0,257.6564582359916,0.0
10,7,-2265.901054830079,3208.7596373297297,52.72974569614348,65.67722610048654,0.0,61.935356521086604,1637.3101428643708,4645.838806592241,58.33506324876313,66.84847636924972,0.0,257.6564582359916,0.0
10,8,-2207.946330777162,3239.6586338863276,52.72974569614348,65.67722610048654,0.0,61.935356521086604,1572.0069759514909,4631.548418772499,58.33506324876313,66.84847636924972,0.0,257.6564582359916,0.0
10,9,-2149.991606724245,3270.557630442926,52.72974569614348,65.67722610048654,0.0,61.935356521086604,1506.7038090386106,4617.258030952757,58.33506324876313,66.84847636924972,0.0,257.6564582359916,0.0
10,10,-2092.0368826713275,3301.456626999524,52.72974569614348,65.67722610048654,0.0,61.935356521086604,1441.4006421257304,4602.9676431330145,58.33506324876313,66.84847636924972,0.0,257.6564582359916,0.0
10,11,-2034.0821586184104,3332.355623556122,52.72974569614348,65.67722610048654,0.0,61.935356521086604,1376.0974752128502,4588.677255313272,58.33506324876313,66.84847636924972,0.0,257.6564582359916,0.0
10,12,-1976.1274345654933,3363.2546201127197,52.72974569614348,65.67722610048654,0.0,61.935356521086604,1310.79430829997,4574.386867493529,58.33506324876313,66.84847636924972,0.0,257.6564582359916,0.0
10,13,-1918.1727105125763,3394.153616669318,52.72974569614348,65.67722610048654,0.0,61.935356521086604,1245.4911413870898,4560.096479673787,58.33506324876313,66.84847636924972,0.0,257.6564582359916,0.0
10,14,-1860.217986459659,3425.052613225916,52.72974569614348,65.67722610048654,0.0,61.935356521086604,1180.1879744742096,4545.806091854045,58.33506324876313,66.84847636924972,0.0,257.6564582359916,0.0
10,15,-1802.263262406742,3455.9516097825144,52.72974569614348,65.67722610048654,0.0,61.935356521086604,1114.8848075613294,4531.515704034303,58.33506324876313,66.84847636924972,0.0,257.6564582359916,0.0
10,16,-1744.308538353825,3486.8506063391123,52.72974569614348,65.67722610048654,0.0,61.935356521086604,1049.581640648449,4517.225316214561,58.33506324876313,66.84847636924972,0.0,257.6564582359916,0.0
10,17,-1686.3538143009077,3517.7496028957103,52.72974569614348,65.67722610048654,0.0,61.935356521086604,984.2784737355687,4502.934928394818,58.33506324876313,66.84847636924972,0.0,257.6564582359916,0.0
10,18,-1628.3990902479907,3548.6485994523086,52.72974569614348,65.67722610048654,0.0,61.935356521086604,918.9753068226885,4488.644540575076,58.33506324876313,66.84847636924972,0.0,257.6564582359916,0.0
10,19,-1570.4443661950736,3579.5475960089066,52.72974569614348,65.67722610048654,0.0,61.935356521086604,853.6721399098078,4474.354152755333,58.33506324876313,66.84847636924972,0.0,257.6564582359916,0.0
10,20,-1512.4896421421563,3610.446592565505,52.72974569614348,65.67722610048654,0.0,61.935356521086604,788.3689729969276,4460.063764935591,58.33506324876313,66.84847636924972,0.0,257.6564582359916,0.0
10,21,-1454.5349180892395,3641.345589122103,52.72974569614348,65.67722610048654,0.0,61.935356521086604,723.0658060840474,4445.773377115849,58.33506324876313,66.84847636924972,0.0,257.6564582359916,0.0
10,22,-1396.5801940363222,3672.244585678701,52.72974569614348,65.67722610048654,0.0,61.935356521086604,657.7626391711672,4431.482989296106,58.33506324876313,66.84847636924972,0.0,257.6564582359916,0.0
10,23,-1338.625469983405,3703.1435822352987,52.72974569614348,65.67722610048654,0.0,61.935356521086604,592.4594722582871,4417.192601476364,58.33506324876313,66.84847636924972,0.0,257.6564582359916,0.0
10,24,-1280.670745930488,3734.042578791897,52.72974569614348,65.67722610048654,0.0,61.935356521086604,527.1563053454068,4402.902213656622,58.33506324876313,66.84847636924972,0.0,257.6564582359916,0.0
10,25,-1222.7160218775707,3764.941575348495,52.72974569614348,65.67722610048654,0.0,61.935356521086604,461.85313843252663,4388.61182583688,58.33506324876313,66.84847636924972,0.0,257.6564582359916,0.0
10,26,-1164.7612978246539,3795.8405719050934,52.72974569614348,65.67722610048654,0.0,61.935356521086604,396.5499715196463,4374.321438017138,58.33506324876313,66.84847636924972,0.0,257.6564582359916,0.0
10,27,-1106.8065737717366,3826.7395684616913,52.72974569614348,65.67722610048654,0.0,61.935356521086604,331.2468046067661,4360.0310501973945,58.33506324876313,66.84847636924972,0.0,257.6564582359916,0.0
10,28,-1048.8518497188195,3857.6385650182892,52.72974569614348,65.67722610048654,0.0,61.935356521086604,265.9436376938859,4345.740662377652,58.33506324876313,66.84847636924972,0.0,257.6564582359916,0.0
10,29,-990.8971256659024,3888.537561574887,52.72974569614348,65.67722610048654,0.0,61.935356521086604,200.64047078100555,4331.45027455791,58.33506324876313,66.84847636924972,0.0,257.6564582359916,0.0
10,30,-932.9424016129853,3919.4365581314855,52.72974569614348,65.67722610048654,0.0,61.935356521086604,135.33730386812533,4317.159886738168,58.33506324876313,66.84847636924972,0.0,257.6564582359916,0.0
10,31,-874.9876775600682,3950.3355546880834,52.72974569614348,65.67722610048654,0.0,61.935356521086604,70.03413695524506,4302.869498918426,58.33506324876313,66.84847636924972,0.0,257.6564582359916,0.0
10,32,-817.032953507151,3981.234551244682,52.72974569614348,65.67722610048654,0.0,61.935356521086604,4.730970042364845,4288.579111098683,58.33506324876313,66.84847636924972,0.0,257.6564582359916,0.0
10,33,-759.0782294542339,4012.1335478012797,52.72974569614348,65.67722610048654,0.0,61.935356521086604,-60.57219687051543,4274.288723278941,58.33506324876313,66.84847636924972,0.0,257.6564582359916,0.0
10,34,-701.1235054013168,4043.0325443578777,52.72974569614348,65.67722610048654,0.0,61.935356521086604,-125.87536378339576,4259.998335459199,58.33506324876313,66.84847636924972,0.0,257.6564582359916,0.0
10,35,-643.1687813483998,4073.931540914476,52.72974569614348,65.67722610048654,0.0,61.935356521086604,-191.17853069627594,4245.7079476394565,58.33506324876313,66.84847636924972,0.0,257.6564582359916,0.0
10,36,-585.2140572954826,4104.8305374710735,52.72974569614348,65.67722610048654,0.0,61.935356521086604,-256.4816976091562,4231.4175598197135,58.33506324876313,66.84847636924972,0.0,257.6564582359916,0.0
10,37,-527.2593332425655,4135.729534027672,52.72974569614348,65.67722610048654,0.0,61.935356521086604,-321.78486452203646,4217.127171999971,58.33506324876313,66.84847636924972,0.0,257.6564582359916,0.0
10,38,-469.3046091896484,4166.62853058427,52.72974569614348,65.67722610048654,0.0,61.935356521086604,-387.08803143491673,4202.836784180229,58.33506324876313,66.84847636924972,0.0,257.6564582359916,0.0
10,39,-411.34988513673125,4197.527527140868,52.72974569614348,65.67722610048654,0.0,61.935356521086604,-452.39119834779694,4188.546396360487,58.33506324876313,66.84847636924972,0.0,257.6564582359916,0.0
10,40,-353.3951610838141,4228.426523697466,52.72974569614348,65.67722610048654,0.0,61.935356521086604,-517.6943652606773,4174.256008540745,58.33506324876313,66.84847636924972,0.0,257.6564582359916,0.0
10,41,-295.440437030897,4259.325520254064,52.72974569614348,65.67722610048654,0.0,61.935356521086604,-582.9975321735575,4159.965620721002,58.33506324876313,66.84847636924972,0.0,257.6564582359916,0.0
10,42,-237.48571297797992,4290.224516810663,52.72974569614348,65.67722610048654,0.0,61.935356521086604,-648.3006990864377,4145.67523290126,58.33506324876313,66.84847636924972,0.0,257.6564582359916,0.0
10,43,-179.5309889250628,4321.123513367261,52.72974569614348,65.67722610048654,0.0,61.935356521086604,-713.603865999318,4131.384845081518,58.33506324876313,66.84847636924972,0.0,257.6564582359916,0.0
10,44,-121.57626487214566,4352.022509923859,52.72974569614348,65.67722610048654,0.0,61.935356521086604,-778.9070329121982,4117.0944572617755,58.33506324876313,66.84847636924972,0.0,257.6564582359916,0.0
10,45,-63.621540819228585,4382.921506480457,52.72974569614348,65.67722610048654,0.0,61.935356521086604,-844.2101998250785,4102.804069442033,58.33506324876313,66.84847636924972,0.0,257.6564582359916,0.0
10,46,-5.666816766311456,4413.820503037055,52.72974569614348,65.67722610048654,0.0,61.935356521086604,-909.5133667379588,4088.5136816222907,58.33506324876313,66.84847636924972,0.0,257.6564582359916,0.0
10,47,52.28790728660567,4444.7194995936525,52.72974569614348,65.67722610048654,0.0,61.935356521086604,-974.816533650839,4074.223293802548,58.33506324876313,66.84847636924972,0.0,257.6564582359916,0.0
10,48,110.24263133952286,4475.618496150251,52.72974569614348,65.67722610048654,0.0,61.935356521086604,-1040.119700563719,4059.932905982806,58.33506324876313,66.84847636924972,0.0,257.6564582359916,0.0
10,49,168.19735539243993,4506.517492706849,52.72974569614348,65.67722610048654,0.0,61.935356521086604,-1105.4228674765995,4045.642518163064,58.33506324876313,66.84847636924972,0.0,257.6564582359916,0.0
11,0,-4550.464283665055,-920.681046633993,448.15349529507694,69.3808328375119,0.0,145.66784129215804,-2270.8116154649456,-5469.012288837741,451.0602239642047,63.52033944067363,0.0,341.9607606667223,0.0
11,1,-4511.334213510909,-977.97448059425,448.15349529507694,69.3808328375119,0.0,145.66784129215804,-2290.4818483398312,-5408.614313198601,451.0602239642047,63.52033944067363,0.0,341.9607606667223,0.0
11,2,-4472.204143356762,-1035.2679145545071,448.15349529507694,69.3808328375119,0.0,145.66784129215804,-2310.1520812147164,-5348.21633755946,451.0602239642047,63.52033944067363,0.0,341.9607606667223,0.0
11,3,-4433.074073202615,-1092.5613485147642,448.15349529507694,69.3808328375119,0.0,145.66784129215804,-2329.8223140896016,-5287.81836192032,451.0602239642047,63.52033944067363,0.0,341.9607606667223,0.0
11,4,-4393.944003048468,-1149.854782475021,448.15349529507694,69.3808328375119,0.0,145.66784129215804,-2349.492546964487,-5227.420386281179,451.0602239642047,63.52033944067363,0.0,341.9607606667223,0.0
11,5,-4354.813932894322,-1207.148216435278,448.15349529507694,69.3808328375119,0.0,145.66784129215804,-2369.162779839372,-5167.022410642039,451.0602239642047,63.52033944067363,0.0,341.9607606667223,0.0
11,6,-4315.683862740176,-1264.441650395535,448.15349529507694,69.3808328375119,0.0,145.66784129215804,-2388.833012714257,-5106.624435002899,451.0602239642047,63.52033944067363,0.0,341.9607606667223,0.0
11,7,-4276.553792586028,-1321.7350843557922,448.15349529507694,69.3808328375119,0.0,145.66784129215804,-2408.5032455891424,-5046.226459363759,451.0602239642047,63.52033944067363,0.0,341.9607606667223,0.0
11,8,-4237.423722431882,-1379.0285183160493,448.15349529507694,69.3808328375119,0.0,145.66784129215804,-2428.1734784640275,-4985.828483724618,451.0602239642047,63.52033944067363,0.0,341.9607606667223,0.0
11,9,-4198.293652277735,-1436.321952276306,448.15349529507694,69.3808328375119,0.0,145.66784129215804,-2447.8437113389127,-4925.430508085478,451.0602239642047,63.52033944067363,0.0,341.9607606667223,0.0
11,10,-4159.163582123589,-1493.6153862365632,448.15349529507694,69.3808328375119,0.0,145.66784129215804,-2467.5139442137984,-4865.032532446338,451.0602239642047,63.52033944067363,0.0,341.9607606667223,0.0
11,11,-4120.033511969442,-1550.9088201968202,448.15349529507694,69.3808328375119,0.0,145.66784129215804,-2487.1841770886836,-4804.634556807197,451.0602239642047,63.52033944067363,0.0,341.9607606667223,0.0
11,12,-4080.903441815295,-1608.202254157077,448.15349529507694,69.3808328375119,0.0,145.66784129215804,-2506.8544099635687,-4744.2365811680575,451.0602239642047,63.52033944067363,0.0,341.9607606667223,0.0
11,13,-4041.7733716611488,-1665.495688117334,448.15349529507694,69.3808328375119,0.0,145.66784129215804,-2526.524642838454,-4683.8386055289175,451.0602239642047,63.52033944067363,0.0,341.9607606667223,0.0
11,14,-4002.643301507002,-1722.7891220775912,448.15349529507694,69.3808328375119,0.0,145.66784129215804,-2546.194875713339,-4623.4406298897775,451.0602239642047,63.52033944067363,0.0,341.9607606667223,0.0
11,15,-3963.513231352855,-1780.0825560378482,448.15349529507694,69.3808328375119,0.0,145.66784129215804,-2565.8651085882248,-4563.042654250637,451.0602239642047,63.52033944067363,0.0,341.9607606667223,0.0
11,16,-3924.3831611987084,-1837.3759899981053,448.15349529507694,69.3808328375119,0.0,145.66784129215804,-2585.5353414631095,-4502.644678611497,451.0602239642047,63.52033944067363,0.0,341.9607606667223,0.0
11,17,-3885.253091044562,-1894.6694239583624,448.15349529507694,69.3808328375119,0.0,145.66784129215804,-2605.205574337995,-4442.246702972356,451.0602239642047,63.52033944067363,0.0,341.9607606667223,0.0
11,18,-3846.1230208904153,-1951.9628579186194,448.15349529507694,69.3808328375119,0.0,145.66784129215804,-2624.8758072128803,-4381.848727333216,451.0602239642047,63.52033944067363,0.0,341.9607606667223,0.0
11,19,-3806.9929507362685,-2009.2562918788763,448.15349529507694,69.3808328375119,0.0,145.66784129215804,-2644.5460400877655,-4321.450751694076,451.0602239642047,63.52033944067363,0.0,341.9607606667223,0.0
11,20,-3767.8628805821218,-2066.5497258391333,448.15349529507694,69.3808328375119,0.0,145.66784129215804,-2664.2162729626507,-4261.052776054936,451.0602239642047,63.52033944067363,0.0,341.9607606667223,0.0
11,21,-3728.7328104279754,-2123.8431597993904,448.15349529507694,69.3808328375119,0.0,145.66784129215804,-2683.886505837536,-4200.654800415795,451.0602239642047,63.52033944067363,0.0,341.9607606667223,0.0
11,22,-3689.6027402738287,-2181.1365937596474,448.15349529507694,69.3808328375119,0.0,145.66784129215804,-2703.556738712421,-4140.256824776655,451.0602239642047,63.52033944067363,0.0,341.9607606667223,0.0
11,23,-3650.4726701196823,-2238.4300277199045,448.15349529507694,69.3808328375119,0.0,145.66784129215804,-2723.2269715873067,-4079.8588491375144,451.0602239642047,63.52033944067363,0.0,341.9607606667223,0.0
11,24,-3611.3425999655356,-2295.7234616801616,448.15349529507694,69.3808328375119,0.0,145.66784129215804,-2742.897204462192,-4019.460873498374,451.0602239642047,63.52033944067363,0.0,341.9607606667223,0.0
11,25,-3572.212529811389,-2353.0168956404186,448.15349529507694,69.3808328375119,0.0,145.66784129215804,-2762.567437337077,-3959.062897859234,451.0602239642047,63.52033944067363,0.0,341.9607606667223,0.0
11,26,-3533.082459657242,-2410.3103296006752,448.15349529507694,69.3808328375119,0.0,145.66784129215804,-2782.2376702119623,-3898.6649222200936,451.0602239642047,63.52033944067363,0.0,341.9607606667223,0.0
11,27,-3493.9523895030957,-2467.6037635609323,448.15349529507694,69.3808328375119,0.0,145.66784129215804,-2801.9079030868475,-3838.266946580953,451.0602239642047,63.52033944067363,0.0,341.9607606667223,0.0
11,28,-3454.822319348949,-2524.8971975211894,448.15349529507694,69.3808328375119,0.0,145.66784129215804,-2821.5781359617326,-3777.868970941813,451.0602239642047,63.52033944067363,0.0,341.9607606667223,0.0
11,29,-3415.692249194802,-2582.1906314814464,448.15349529507694,69.3808328375119,0.0,145.66784129215804,-2841.248368836618,-3717.4709953026727,451.0602239642047,63.52033944067363,0.0,341.9607606667223,0.0
11,30,-3376.5621790406553,-2639.4840654417035,448.15349529507694,69.3808328375119,0.0,145.66784129215804,-2860.9186017115035,-3657.0730196635327,451.0602239642047,63.52033944067363,0.0,341.9607606667223,0.0
11,31,-3337.432108886509,-2696.7774994019605,448.15349529507694,69.3808328375119,0.0,145.66784129215804,-2880.5888345863887,-3596.6750440243923,451.0602239642047,63.52033944067363,0.0,341.9607606667223,0.0
11,32,-3298.3020387323622,-2754.0709333622176,448.15349529507694,69.3808328375119,0.0,145.66784129215804,-2900.259067461274,-3536.277068385252,451.0602239642047,63.52033944067363,0.0,341.9607606667223,0.0
11,33,-3259.1719685782155,-2811.3643673224747,448.15349529507694,69.3808328375119,0.0,145.66784129215804,-2919.929300336159,-3475.8790927461114,451.0602239642047,63.52033944067363,0.0,341.9607606667223,0.0
11,34,-3220.041898424069,-2868.6578012827313,448.15349529507694,69.3808328375119,0.0,145.66784129215804,-2939.599533211044,-3415.4811171069714,451.0602239642047,63.52033944067363,0.0,341.9607606667223,0.0
11,35,-3180.9118282699224,-2925.9512352429883,448.15349529507694,69.3808328375119,0.0,145.66784129215804,-2959.2697660859294,-3355.083141467831,451.0602239642047,63.52033944067363,0.0,341.9607606667223,0.0
11,36,-3141.7817581157756,-2983.2446692032454,448.15349529507694,69.3808328375119,0.0,145.66784129215804,-2978.9399989608146,-3294.685165828691,451.0602239642047,63.52033944067363,0.0,341.9607606667223,0.0
11,37,-3102.651687961629,-3040.5381031635025,448.15349529507694,69.3808328375119,0.0,145.66784129215804,-2998.6102318357,-3234.2871901895505,451.0602239642047,63.52033944067363,0.0,341.9607606667223,0.0
11,38,-3063.5216178074825,-3097.8315371237595,448.15349529507694,69.3808328375119,0.0,145.66784129215804,-3018.2804647105854,-3173.88921455041,451.0602239642047,63.52033944067363,0.0,341.9607606667223,0.0
11,39,-3024.3915476533357,-3155.1249710840166,448.15349529507694,69.3808328375119,0.0,145.66784129215804,-3037.9506975854706,-3113.49123891127,451.0602239642047,63.52033944067363,0.0,341.9607606667223,0.0
11,40,-2985.261477499189,-3212.4184050442736,448.15349529507694,69.3808328375119,0.0,145.66784129215804,-3057.620930460356,-3053.0932632721297,451.0602239642047,63.52033944067363,0.0,341.9607606667223,0.0
11,41,-2946.1314073450426,-3269.7118390045307,448.15349529507694,69.3808328375119,0.0,145.66784129215804,-3077.291163335241,-2992.695287632989,451.0602239642047,63.52033944067363,0.0,341.9607606667223,0.0
11,42,-2907.001337190896,-3327.0052729647878,448.15349529507694,69.3808328375119,0.0,145.66784129215804,-3096.961396210126,-2932.2973119938492,451.0602239642047,63.52033944067363,0.0,341.9607606667223,0.0
11,43,-2867.871267036749,-3384.298706925045,448.15349529507694,69.3808328375119,0.0,145.66784129215804,-3116.6316290850114,-2871.899336354709,451.0602239642047,63.52033944067363,0.0,341.9607606667223,0.0
11,44,-2828.7411968826023,-3441.592140885302,448.15349529507694,69.3808328375119,0.0,145.66784129215804,-3136.3018619598965,-2811.5013607155684,451.0602239642047,63.52033944067363,0.0,341.9607606667223,0.0
11,45,-2789.611126728456,-3498.8855748455585,448.15349529507694,69.3808328375119,0.0,145.66784129215804,-3155.972094834782,-2751.1033850764284,451.0602239642047,63.52033944067363,0.0,341.9607606667223,0.0
11,46,-2750.481056574309,-3556.1790088058156,448.15349529507694,69.3808328375119,0.0,145.66784129215804,-3175.6423277096674,-2690.705409437288,451.0602239642047,63.52033944067363,0.0,341.9607606667223,0.0
11,47,-2711.3509864201624,-3613.4724427660726,448.15349529507694,69.3808328375119,0.0,145.66784129215804,-3195.3125605845526,-2630.307433798148,451.0602239642047,63.52033944067363,0.0,341.9607606667223,0.0
11,48,-2672.220916266016,-3670.7658767263297,448.15349529507694,69.3808328375119,0.0,145.66784129215804,-3214.9827934594377,-2569.9094581590075,451.0602239642047,63.52033944067363,0.0,341.9607606667223,0.0
11,49,-2633.0908461118693,-3728.0593106865867,448.15349529507694,69.3808328375119,0.0,145.66784129215804,-3234.653026334323,-2509.511482519867,451.0602239642047,63.52033944067363,0.0,341.9607606667223,0.0
12,0,-1566.064020055992,2512.10249732045,-265.39399335518476,67.39481580161359,0.0,243.78937509456165,-5432.999848037124,3117.4435770287773,-238.1994261727236,60.551209866273396,0.0,499.4944673159521,0.0
12,1,-1626.529063774044,2482.336078572009,-265.39399335518476,67.39481580161359,0.0,243.78937509456165,-5393.670537024716,3071.4038733855214,-238.1994261727236,60.551209866273396,0.0,499.4944673159521,0.0
12,2,-1686.9941074920957,2452.569659823568,-265.39399335518476,67.39481580161359,0.0,243.78937509456165,-5354.34122601231,3025.3641697422654,-238.1994261727236,60.551209866273396,0.0,499.4944673159521,0.0
12,3,-1747.459151210147,2422.8032410751275,-265.39399335518476,67.39481580161359,0.0,243.78937509456165,-5315.011914999903,2979.3244660990094,-238.1994261727236,60.551209866273396,0.0,499.4944673159521,0.0
12,4,-1807.9241949281986,2393.0368223266864,-265.39399335518476,67.39481580161359,0.0,243.78937509456165,-5275.682603987496,2933.2847624557535,-238.1994261727236,60.551209866273396,0.0,499.4944673159521,0.0
12,5,-1868.3892386462503,2363.2704035782454,-265.39399335518476,67.39481580161359,0.0,243.78937509456165,-5236.353292975089,2887.2450588124975,-238.1994261727236,60.551209866273396,0.0,499.4944673159521,0.0
12,6,-1928.8542823643018,2333.5039848298047,-265.39399335518476,67.39481580161359,0.0,243.78937509456165,-5197.023981962682,2841.2053551692416,-238.1994261727236,60.551209866273396,0.0,499.4944673159521,0.0
12,7,-1989.3193260823534,2303.737566081364,-265.39399335518476,67.39481580161359,0.0,243.78937509456165,-5157.6946709502745,2795.1656515259856,-238.1994261727236,60.551209866273396,0.0,499.4944673159521,0.0
12,8,-2049.7843698004053,2273.971147332923,-265.39399335518476,67.39481580161359,0.0,243.78937509456165,-5118.365359937868,2749.125947882729,-238.1994261727236,60.551209866273396,0.0,499.4944673159521,0.0
12,9,-2110.249413518457,2244.204728584482,-265.39399335518476,67.39481580161359,0.0,243.78937509456165,-5079.03604892546,2703.086244239473,-238.1994261727236,60.551209866273396,0.0,499.4944673159521,0.0
12,10,-2170.7144572365087,2214.4383098360413,-265.39399335518476,67.39481580161359,0.0,243.78937509456165,-5039.706737913053,2657.0465405962173,-238.1994261727236,60.551209866273396,0.0,499.4944673159521,0.0
12,11,-2231.1795009545604,2184.6718910876007,-265.39399335518476,67.39481580161359,0.0,243.78937509456165,-5000.377426900646,2611.0068369529613,-238.1994261727236,60.551209866273396,0.0,499.4944673159521,0.0
12,12,-2291.6445446726116,2154.9054723391596,-265.39399335518476,67.39481580161359,0.0,243.78937509456165,-4961.048115888239,2564.9671333097053,-238.1994261727236,60.551209866273396,0.0,499.4944673159521,0.0
12,13,-2352.1095883906632,2125.1390535907185,-265.39399335518476,67.39481580161359,0.0,243.78937509456165,-4921.718804875833,2518.9274296664494,-238.1994261727236,60.551209866273396,0.0,499.4944673159521,0.0
12,14,-2412.574632108715,2095.372634842278,-265.39399335518476,67.39481580161359,0.0,243.78937509456165,-4882.389493863425,2472.887726023193,-238.1994261727236,60.551209866273396,0.0,499.4944673159521,0.0
12,15,-2473.0396758267666,2065.6062160938372,-265.39399335518476,67.39481580161359,0.0,243.78937509456165,-4843.060182851018,2426.848022379937,-238.1994261727236,60.551209866273396,0.0,499.4944673159521,0.0
12,16,-2533.504719544818,2035.8397973453962,-265.39399335518476,67.39481580161359,0.0,243.78937509456165,-4803.730871838611,2380.808318736681,-238.1994261727236,60.551209866273396,0.0,499.4944673159521,0.0
12,17,-2593.9697632628695,2006.0733785969553,-265.39399335518476,67.39481580161359,0.0,243.78937509456165,-4764.401560826204,2334.768615093425,-238.1994261727236,60.551209866273396,0.0,499.4944673159521,0.0
12,18,-2654.434806980921,1976.3069598485145,-265.39399335518476,67.39481580161359,0.0,243.78937509456165,-4725.072249813797,2288.728911450169,-238.1994261727236,60.551209866273396,0.0,499.4944673159521,0.0
12,19,-2714.899850698973,1946.5405411000738,-265.39399335518476,67.39481580161359,0.0,243.78937509456165,-4685.74293880139,2242.689207806913,-238.1994261727236,60.551209866273396,0.0,499.4944673159521,0.0
12,20,-2775.3648944170245,1916.7741223516327,-265.39399335518476,67.39481580161359,0.0,243.78937509456165,-4646.413627788983,2196.649504163657,-238.1994261727236,60.551209866273396,0.0,499.4944673159521,0.0
12,21,-2835.829938135076,1887.007703603192,-265.39399335518476,67.39481580161359,0.0,243.78937509456165,-4607.084316776576,2150.609800520401,-238.1994261727236,60.551209866273396,0.0,499.4944673159521,0.0
12,22,-2896.294981853128,1857.241284854751,-265.39399335518476,67.39481580161359,0.0,243.78937509456165,-4567.755005764169,2104.5700968771453,-238.1994261727236,60.551209866273396,0.0,499.4944673159521,0.0
12,23,-2956.7600255711795,1827.4748661063104,-265.39399335518476,67.39481580161359,0.0,243.78937509456165,-4528.4256947517615,2058.5303932338893,-238.1994261727236,60.551209866273396,0.0,499.4944673159521,0.0
12,24,-3017.225069289231,1797.7084473578693,-265.39399335518476,67.39481580161359,0.0,243.78937509456165,-4489.096383739355,2012.4906895906333,-238.1994261727236,60.551209866273396,0.0,499.4944673159521,0.0
12,25,-3077.690113007283,1767.9420286094287,-265.39399335518476,67.39481580161359,0.0,243.78937509456165,-4449.767072726948,1966.4509859473771,-238.1994261727236,60.551209866273396,0.0,499.4944673159521,0.0
12,26,-3138.1551567253346,1738.1756098609876,-265.39399335518476,67.39481580161359,0.0,243.78937509456165,-4410.43776171454,1920.4112823041212,-238.1994261727236,60.551209866273396,0.0,499.4944673159521,0.0
12,27,-3198.6202004433862,1708.409191112547,-265.39399335518476,67.39481580161359,0.0,243.78937509456165,-4371.108450702133,1874.3715786608652,-238.1994261727236,60.551209866273396,0.0,499.4944673159521,0.0
12,28,-3259.0852441614375,1678.642772364106,-265.39399335518476,67.39481580161359,0.0,243.78937509456165,-4331.779139689726,1828.331875017609,-238.1994261727236,60.551209866273396,0.0,499.4944673159521,0.0
12,29,-3319.550287879489,1648.8763536156653,-265.39399335518476,67.39481580161359,0.0,243.78937509456165,-4292.44982867732,1782.292171374353,-238.1994261727236,60.551209866273396,0.0,499.4944673159521,0.0
12,30,-3380.015331597541,1619.1099348672244,-265.39399335518476,67.39481580161359,0.0,243.78937509456165,-4253.120517664912,1736.252467731097,-238.1994261727236,60.551209866273396,0.0,499.4944673159521,0.0
12,31,-3440.4803753155925,1589.3435161187836,-265.39399335518476,67.39481580161359,0.0,243.78937509456165,-4213.791206652505,1690.2127640878412,-238.1994261727236,60.551209866273396,0.0,499.4944673159521,0.0
12,32,-3500.945419033644,1559.5770973703427,-265.39399335518476,67.39481580161359,0.0,243.78937509456165,-4174.461895640098,1644.1730604445852,-238.1994261727236,60.551209866273396,0.0,499.4944673159521,0.0
12,33,-3561.410462751696,1529.8106786219018,-265.39399335518476,67.39481580161359,0.0,243.78937509456165,-4135.132584627691,1598.133356801329,-238.1994261727236,60.551209866273396,0.0,499.4944673159521,0.0
12,34,-3621.875506469747,1500.044259873461,-265.39399335518476,67.39481580161359,0.0,243.78937509456165,-4095.803273615284,1552.093653158073,-238.1994261727236,60.551209866273396,0.0,499.4944673159521,0.0
12,35,-3682.3405501877987,1470.2778411250201,-265.39399335518476,67.39481580161359,0.0,243.78937509456165,-4056.473962602877,1506.053949514817,-238.1994261727236,60.551209866273396,0.0,499.4944673159521,0.0
12,36,-3742.8055939058504,1440.5114223765793,-265.39399335518476,67.39481580161359,0.0,243.78937509456165,-4017.14465159047,1460.014245871561,-238.1994261727236,60.551209866273396,0.0,499.4944673159521,0.0
12,37,-3803.270637623902,1410.7450036281384,-265.39399335518476,67.39481580161359,0.0,243.78937509456165,-3977.8153405780627,1413.974542228305,-238.1994261727236,60.551209866273396,0.0,499.4944673159521,0.0
12,38,-3863.7356813419538,1380.9785848796976,-265.39399335518476,67.39481580161359,0.0,243.78937509456165,-3938.486029565656,1367.934838585049,-238.1994261727236,60.551209866273396,0.0,499.4944673159521,0.0
12,39,-3924.2007250600054,1351.2121661312567,-265.39399335518476,67.39481580161359,0.0,243.78937509456165,-3899.1567185532485,1321.895134941793,-238.1994261727236,60.551209866273396,0.0,499.4944673159521,0.0
12,40,-3984.665768778057,1321.4457473828159,-265.39399335518476,67.39481580161359,0.0,243.78937509456165,-3859.8274075408417,1275.855431298537,-238.1994261727236,60.551209866273396,0.0,499.4944673159521,0.0
12,41,-4045.130812496109,1291.679328634375,-265.39399335518476,67.39481580161359,0.0,243.78937509456165,-3820.4980965284344,1229.8157276552809,-238.1994261727236,60.551209866273396,0.0,499.4944673159521,0.0
12,42,-4105.59585621416,1261.9129098859341,-265.39399335518476,67.39481580161359,0.0,243.78937509456165,-3781.1687855160276,1183.776024012025,-238.1994261727236,60.551209866273396,0.0,499.4944673159521,0.0
12,43,-4166.060899932212,1232.1464911374933,-265.39399335518476,67.39481580161359,0.0,243.78937509456165,-3741.8394745036203,1137.736320368769,-238.1994261727236,60.551209866273396,0.0,499.4944673159521,0.0
12,44,-4226.525943650264,1202.3800723890524,-265.39399335518476,67.39481580161359,0.0,243.78937509456165,-3702.5101634912135,1091.696616725513,-238.1994261727236,60.551209866273396,0.0,499.4944673159521,0.0
12,45,-4286.9909873683155,1172.6136536406116,-265.39399335518476,67.39481580161359,0.0,243.78937509456165,-3663.180852478806,1045.6569130822568,-238.1994261727236,60.551209866273396,0.0,499.4944673159521,0.0
12,46,-4347.456031086367,1142.8472348921707,-265.39399335518476,67.39481580161359,0.0,243.78937509456165,-3623.8515414663993,999.6172094390008,-238.1994261727236,60.551209866273396,0.0,499.4944673159521,0.0
12,47,-4407.921074804419,1113.0808161437299,-265.39399335518476,67.39481580161359,0.0,243.78937509456165,-3584.522230453992,953.5775057957449,-238.1994261727236,60.551209866273396,0.0,499.4944673159521,0.0
12,48,-4468.3861185224705,1083.314397395289,-265.39399335518476,67.39481580161359,0.0,243.78937509456165,-3545.192919441585,907.5378021524889,-238.1994261727236,60.551209866273396,0.0,499.4944673159521,0.0
12,49,-4528.851162240522,1053.5479786468482,-265.39399335518476,67.39481580161359,0.0,243.78937509456165,-3505.863608429178,861.4980985092328,-238.1994261727236,60.551209866273396,0.0,499.4944673159521,0.0
13,0,-1109.7990147506373,-1302.3606096642402,-169.14773086010524,69.10027214712434,0.0,333.7271435180148,-4580.460347978844,2421.8609968995115,-144.81399165123352,67.37816664728132,0.0,479.8608593474901,0.0
13,1,-1140.3860039617025,-1240.3986560006506,-169.14773086010524,69.10027214712434,0.0,333.7271435180148,-4522.027503467444,2388.3137164873015,-144.81399165123352,67.37816664728132,0.0,479.8608593474901,0.0
13,2,-1170.9729931727672,-1178.436702337061,-169.14773086010524,69.10027214712434,0.0,333.7271435180148,-4463.594658956045,2354.7664360750914,-144.81399165123352,67.37816664728132,0.0,479.8608593474901,0.0
13,3,-1201.5599823838324,-1116.474748673471,-169.14773086010524,69.10027214712434,0.0,333.7271435180148,-4405.161814444647,2321.2191556628804,-144.81399165123352,67.37816664728132,0.0,479.8608593474901,0.0
13,4,-1232.1469715948972,-1054.5127950098818,-169.14773086010524,69.10027214712434,0.0,333.7271435180148,-4346.728969933247,2287.6718752506704,-144.81399165123352,67.37816664728132,0.0,479.8608593474901,0.0
13,5,-1262.7339608059624,-992.5508413462917,-169.14773086010524,69.10027214712434,0.0,333.7271435180148,-4288.296125421848,2254.1245948384594,-144.81399165123352,67.37816664728132,0.0,479.8608593474901,0.0
13,6,-1293.3209500170274,-930.5888876827021,-169.14773086010524,69.10027214712434,0.0,333.7271435180148,-4229.863280910449,2220.5773144262494,-144.81399165123352,67.37816664728132,0.0,479.8608593474901,0.0
13,7,-1323.9079392280923,-868.6269340191122,-169.14773086010524,69.10027214712434,0.0,333.7271435180148,-4171.43043639905,2187.030034014039,-144.81399165123352,67.37816664728132,0.0,479.8608593474901,0.0
13,8,-1354.4949284391573,-806.6649803555224,-169.14773086010524,69.10027214712434,0.0,333.7271435180148,-4112.997591887652,2153.4827536018283,-144.81399165123352,67.37816664728132,0.0,479.8608593474901,0.0
13,9,-1385.0819176502223,-744.7030266919328,-169.14773086010524,69.10027214712434,0.0,333.7271435180148,-4054.5647473762524,2119.9354731896183,-144.81399165123352,67.37816664728132,0.0,479.8608593474901,0.0
13,10,-1415.6689068612873,-682.7410730283432,-169.14773086010524,69.10027214712434,0.0,333.7271435180148,-3996.131902864853,2086.3881927774078,-144.81399165123352,67.37816664728132,0.0,479.8608593474901,0.0
13,11,-1446.2558960723522,-620.7791193647533,-169.14773086010524,69.10027214712434,0.0,333.7271435180148,-3937.6990583534543,2052.8409123651973,-144.81399165123352,67.37816664728132,0.0,479.8608593474901,0.0
13,12,-1476.8428852834172,-558.8171657011635,-169.14773086010524,69.10027214712434,0.0,333.7271435180148,-3879.266213842055,2019.293631952987,-144.81399165123352,67.37816664728132,0.0,479.8608593474901,0.0
13,13,-1507.4298744944824,-496.8552120375739,-169.14773086010524,69.10027214712434,0.0,333.7271435180148,-3820.833369330656,1985.7463515407765,-144.81399165123352,67.37816664728132,0.0,479.8608593474901,0.0
13,14,-1538.0168637055474,-434.89325837398405,-169.14773086010524,69.10027214712434,0.0,333.7271435180148,-3762.400524819257,1952.199071128566,-144.81399165123352,67.37816664728132,0.0,479.8608593474901,0.0
13,15,-1568.6038529166124,-372.93130471039444,-169.14773086010524,69.10027214712434,0.0,333.7271435180148,-3703.9676803078582,1918.6517907163557,-144.81399165123352,67.37816664728132,0.0,479.8608593474901,0.0
13,16,-1599.1908421276773,-310.9693510468046,-169.14773086010524,69.10027214712434,0.0,333.7271435180148,-3645.534835796459,1885.1045103041452,-144.81399165123352,67.37816664728132,0.0,479.8608593474901,0.0
13,17,-1629.7778313387423,-249.007397383215,-169.14773086010524,69.10027214712434,0.0,333.7271435180148,-3587.1019912850597,1851.5572298919346,-144.81399165123352,67.37816664728132,0.0,479.8608593474901,0.0
13,18,-1660.3648205498073,-187.04544371962538,-169.14773086010524,69.10027214712434,0.0,333.7271435180148,-3528.669146773661,1818.0099494797244,-144.81399165123352,67.37816664728132,0.0,479.8608593474901,0.0
13,19,-1690.9518097608725,-125.08349005603532,-169.14773086010524,69.10027214712434,0.0,333.7271435180148,-3470.236302262262,1784.462669067514,-144.81399165123352,67.37816664728132,0.0,479.8608593474901,0.0
13,20,-1721.5387989719375,-63.121536392445705,-169.14773086010524,69.10027214712434,0.0,333.7271435180148,-3411.803457750863,1750.9153886553036,-144.81399165123352,67.37816664728132,0.0,479.8608593474901,0.0
13,21,-1752.1257881830024,-1.1595827288558667,-169.14773086010524,69.10027214712434,0.0,333.7271435180148,-3353.3706132394636,1717.368108243093,-144.81399165123352,67.37816664728132,0.0,479.8608593474901,0.0
13,22,-1782.7127773940674,60.802370934733744,-169.14773086010524,69.10027214712434,0.0,333.7271435180148,-3294.937768728065,1683.8208278308825,-144.81399165123352,67.37816664728132,0.0,479.8608593474901,0.0
13,23,-1813.2997666051324,122.76432459832347,-169.14773086010524,69.10027214712434,0.0,333.7271435180148,-3236.504924216666,1650.273547418672,-144.81399165123352,67.37816664728132,0.0,479.8608593474901,0.0
13,24,-1843.8867558161974,184.7262782619132,-169.14773086010524,69.10027214712434,0.0,333.7271435180148,-3178.072079705267,1616.7262670064617,-144.81399165123352,67.37816664728132,0.0,479.8608593474901,0.0
13,25,-1874.4737450272623,246.68823192550292,-169.14773086010524,69.10027214712434,0.0,333.7271435180148,-3119.6392351938675,1583.1789865942515,-144.81399165123352,67.37816664728132,0.0,479.8608593474901,0.0
13,26,-1905.0607342383273,308.65018558909264,-169.14773086010524,69.10027214712434,0.0,333.7271435180148,-3061.2063906824687,1549.631706182041,-144.81399165123352,67.37816664728132,0.0,479.8608593474901,0.0
13,27,-1935.6477234493923,370.61213925268237,-169.14773086010524,69.10027214712434,0.0,333.7271435180148,-3002.77354617107,1516.0844257698304,-144.81399165123352,67.37816664728132,0.0,479.8608593474901,0.0
13,28,-1966.2347126604573,432.5740929162721,-169.14773086010524,69.10027214712434,0.0,333.7271435180148,-2944.3407016596707,1482.53714535762,-144.81399165123352,67.37816664728132,0.0,479.8608593474901,0.0
13,29,-1996.8217018715225,494.53604657986193,-169.14773086010524,69.10027214712434,0.0,333.7271435180148,-2885.907857148272,1448.9898649454096,-144.81399165123352,67.37816664728132,0.0,479.8608593474901,0.0
13,30,-2027.4086910825874,556.4980002434517,-169.14773086010524,69.10027214712434,0.0,333.7271435180148,-2827.4750126368726,1415.4425845331994,-144.81399165123352,67.37816664728132,0.0,479.8608593474901,0.0
13,31,-2057.995680293652,618.4599539070414,-169.14773086010524,69.10027214712434,0.0,333.7271435180148,-2769.042168125474,1381.8953041209888,-144.81399165123352,67.37816664728132,0.0,479.8608593474901,0.0
13,32,-2088.582669504717,680.421907570631,-169.14773086010524,69.10027214712434,0.0,333.7271435180148,-2710.6093236140746,1348.3480237087783,-144.81399165123352,67.37816664728132,0.0,479.8608593474901,0.0
13,33,-2119.1696587157826,742.3838612342208,-169.14773086010524,69.10027214712434,0.0,333.7271435180148,-2652.176479102676,1314.800743296568,-144.81399165123352,67.37816664728132,0.0,479.8608593474901,0.0
13,34,-2149.7566479268476,804.3458148978106,-169.14773086010524,69.10027214712434,0.0,333.7271435180148,-2593.7436345912765,1281.2534628843575,-144.81399165123352,67.37816664728132,0.0,479.8608593474901,0.0
13,35,-2180.3436371379125,866.3077685614003,-169.14773086010524,69.10027214712434,0.0,333.7271435180148,-2535.3107900798777,1247.7061824721472,-144.81399165123352,67.37816664728132,0.0,479.8608593474901,0.0
13,36,-2210.9306263489775,928.26972222499,-169.14773086010524,69.10027214712434,0.0,333.7271435180148,-2476.8779455684785,1214.1589020599367,-144.81399165123352,67.37816664728132,0.0,479.8608593474901,0.0
13,37,-2241.5176155600425,990.2316758885797,-169.14773086010524,69.10027214712434,0.0,333.7271435180148,-2418.4451010570797,1180.6116216477262,-144.81399165123352,67.37816664728132,0.0,479.8608593474901,0.0
13,38,-2272.1046047711075,1052.1936295521693,-169.14773086010524,69.10027214712434,0.0,333.7271435180148,-2360.0122565456804,1147.064341235516,-144.81399165123352,67.37816664728132,0.0,479.8608593474901,0.0
13,39,-2302.6915939821724,1114.1555832157592,-169.14773086010524,69.10027214712434,0.0,333.7271435180148,-2301.5794120342816,1113.5170608233054,-144.81399165123352,67.37816664728132,0.0,479.8608593474901,0.0
13,40,-2333.2785831932374,1176.117536879349,-169.14773086010524,69.10027214712434,0.0,333.7271435180148,-2243.1465675228824,1079.9697804110951,-144.81399165123352,67.37816664728132,0.0,479.8608593474901,0.0
13,41,-2363.8655724043024,1238.0794905429386,-169.14773086010524,69.10027214712434,0.0,333.7271435180148,-2184.7137230114836,1046.4224999988846,-144.81399165123352,67.37816664728132,0.0,479.8608593474901,0.0
13,42,-2394.4525616153674,1300.0414442065285,-169.14773086010524,69.10027214712434,0.0,333.7271435180148,-2126.2808785000843,1012.8752195866742,-144.81399165123352,67.37816664728132,0.0,479.8608593474901,0.0
13,43,-2425.0395508264323,1362.003397870118,-169.14773086010524,69.10027214712434,0.0,333.7271435180148,-2067.8480339886855,979.3279391744638,-144.81399165123352,67.37816664728132,0.0,479.8608593474901,0.0
13,44,-2455.6265400374973,1423.9653515337077,-169.14773086010524,69.10027214712434,0.0,333.7271435180148,-2009.4151894772865,945.7806587622534,-144.81399165123352,67.37816664728132,0.0,479.8608593474901,0.0
13,45,-2486.2135292485623,1485.9273051972975,-169.14773086010524,69.10027214712434,0.0,333.7271435180148,-1950.9823449658875,912.233378350043,-144.81399165123352,67.37816664728132,0.0,479.8608593474901,0.0
13,46,-2516.8005184596277,1547.8892588608874,-169.14773086010524,69.10027214712434,0.0,333.7271435180148,-1892.5495004544885,878.6860979378325,-144.81399165123352,67.37816664728132,0.0,479.8608593474901,0.0
13,47,-2547.3875076706927,1609.851212524477,-169.14773086010524,69.10027214712434,0.0,333.7271435180148,-1834.1166559430894,845.1388175256221,-144.81399165123352,67.37816664728132,0.0,479.8608593474901,0.0
13,48,-2577.9744968817577,1671.8131661880666,-169.14773086010524,69.10027214712434,0.0,333.7271435180148,-1775.6838114316904,811.5915371134117,-144.81399165123352,67.37816664728132,0.0,479.8608593474901,0.0
13,49,-2608.5614860928226,1733.7751198516564,-169.14773086010524,69.10027214712434,0.0,333.7271435180148,-1717.2509669202914,778.0442567012012,-144.81399165123352,67.37816664728132,0.0,479.8608593474901,0.0
14,0,-157.9317512741327,-2162.3218749312678,-460.8794225829906,65.59650145381023,0.0,274.53535455225807,-4741.007138392086,-829.2823711613576,-465.6216650893297,60.54780975785354,0.0,479.0847692865389,0.0
14,1,-223.3228524035285,-2157.134881961846,-460.8794225829906,65.59650145381023,0.0,274.53535455225807,-4688.094318269991,-858.7148486853475,-465.6216650893297,60.54780975785354,0.0,479.0847692865389,0.0
14,2,-288.7139535329252,-2151.9478889924244,-460.8794225829906,65.59650145381023,0.0,274.53535455225807,-4635.181498147898,-888.1473262093377,-465.6216650893297,60.54780975785354,0.0,479.0847692865389,0.0
14,3,-354.105054662321,-2146.7608960230027,-460.8794225829906,65.59650145381023,0.0,274.53535455225807,-4582.268678025805,-917.5798037333279,-465.6216650893297,60.54780975785354,0.0,479.0847692865389,0.0
14,4,-419.4961557917168,-2141.573903053581,-460.8794225829906,65.59650145381023,0.0,274.53535455225807,-4529.355857903711,-947.0122812573179,-465.6216650893297,60.54780975785354,0.0,479.0847692865389,0.0
14,5,-484.88725692111257,-2136.3869100841594,-460.8794225829906,65.59650145381023,0.0,274.53535455225807,-4476.443037781617,-976.444758781308,-465.6216650893297,60.54780975785354,0.0,479.0847692865389,0.0
14,6,-550.2783580505093,-2131.1999171147377,-460.8794225829906,65.59650145381023,0.0,274.53535455225807,-4423.530217659523,-1005.8772363052983,-465.6216650893297,60.54780975785354,0.0,479.0847692865389,0.0
14,7,-615.6694591799051,-2126.012924145316,-460.8794225829906,65.59650145381023,0.0,274.53535455225807,-4370.6173975374295,-1035.3097138292885,-465.6216650893297,60.54780975785354,0.0,479.0847692865389,0.0
14,8,-681.0605603093011,-2120.8259311758943,-460.8794225829906,65.59650145381023,0.0,274.53535455225807,-4317.704577415336,-1064.7421913532785,-465.6216650893297,60.54780975785354,0.0,479.0847692865389,0.0
14,9,-746.4516614386971,-2115.6389382064726,-460.8794225829906,65.59650145381023,0.0,274.53535455225807,-4264.791757293242,-1094.1746688772687,-465.6216650893297,60.54780975785354,0.0,479.0847692865389,0.0
14,10,-811.8427625680931,-2110.451945237051,-460.8794225829906,65.59650145381023,0.0,274.53535455225807,-4211.878937171148,-1123.6071464012587,-465.6216650893297,60.54780975785354,0.0,479.0847692865389,0.0
14,11,-877.2338636974889,-2105.2649522676293,-460.8794225829906,65.59650145381023,0.0,274.53535455225807,-4158.966117049054,-1153.0396239252489,-465.6216650893297,60.54780975785354,0.0,479.0847692865389,0.0
14,12,-942.6249648268852,-2100.0779592982076,-460.8794225829906,65.59650145381023,0.0,274.53535455225807,-4106.053296926962,-1182.4721014492393,-465.6216650893297,60.54780975785354,0.0,479.0847692865389,0.0
14,13,-1008.016065956281,-2094.890966328786,-460.8794225829906,65.59650145381023,0.0,274.53535455225807,-4053.140476804868,-1211.9045789732293,-465.6216650893297,60.54780975785354,0.0,479.0847692865389,0.0
14,14,-1073.4071670856772,-2089.703973359364,-460.8794225829906,65.59650145381023,0.0,274.53535455225807,-4000.227656682774,-1241.3370564972195,-465.6216650893297,60.54780975785354,0.0,479.0847692865389,0.0
14,15,-1138.798268215073,-2084.5169803899425,-460.8794225829906,65.59650145381023,0.0,274.53535455225807,-3947.3148365606803,-1270.7695340212094,-465.6216650893297,60.54780975785354,0.0,479.0847692865389,0.0
14,16,-1204.1893693444692,-2079.329987420521,-460.8794225829906,65.59650145381023,0.0,274.53535455225807,-3894.4020164385865,-1300.2020115451996,-465.6216650893297,60.54780975785354,0.0,479.0847692865389,0.0
14,17,-1269.5804704738653,-2074.142994451099,-460.8794225829906,65.59650145381023,0.0,274.53535455225807,-3841.489196316493,-1329.6344890691896,-465.6216650893297,60.54780975785354,0.0,479.0847692865389,0.0
14,18,-1334.9715716032613,-2068.9560014816775,-460.8794225829906,65.59650145381023,0.0,274.53535455225807,-3788.576376194399,-1359.0669665931798,-465.6216650893297,60.54780975785354,0.0,479.0847692865389,0.0
14,19,-1400.3626727326573,-2063.769008512256,-460.8794225829906,65.59650145381023,0.0,274.53535455225807,-3735.6635560723057,-1388.49944411717,-465.6216650893297,60.54780975785354,0.0,479.0847692865389,0.0
14,20,-1465.753773862053,-2058.582015542834,-460.8794225829906,65.59650145381023,0.0,274.53535455225807,-3682.7507359502115,-1417.9319216411602,-465.6216650893297,60.54780975785354,0.0,479.0847692865389,0.0
14,21,-1531.1448749914493,-2053.3950225734125,-460.8794225829906,65.59650145381023,0.0,274.53535455225807,-3629.837915828118,-1447.3643991651502,-465.6216650893297,60.54780975785354,0.0,479.0847692865389,0.0
14,22,-1596.5359761208451,-2048.208029603991,-460.8794225829906,65.59650145381023,0.0,274.53535455225807,-3576.9250957060244,-1476.7968766891404,-465.6216650893297,60.54780975785354,0.0,479.0847692865389,0.0
14,23,-1661.9270772502414,-2043.0210366345689,-460.8794225829906,65.59650145381023,0.0,274.53535455225807,-3524.0122755839307,-1506.2293542131306,-465.6216650893297,60.54780975785354,0.0,479.0847692865389,0.0
14,24,-1727.3181783796374,-2037.8340436651472,-460.8794225829906,65.59650145381023,0.0,274.53535455225807,-3471.0994554618374,-1535.6618317371208,-465.6216650893297,60.54780975785354,0.0,479.0847692865389,0.0
14,25,-1792.7092795090334,-2032.6470506957255,-460.8794225829906,65.59650145381023,0.0,274.53535455225807,-3418.1866353397436,-1565.0943092611108,-465.6216650893297,60.54780975785354,0.0,479.0847692865389,0.0
14,26,-1858.1003806384292,-2027.4600577263038,-460.8794225829906,65.59650145381023,0.0,274.53535455225807,-3365.27381521765,-1594.526786785101,-465.6216650893297,60.54780975785354,0.0,479.0847692865389,0.0
14,27,-1923.4914817678255,-2022.2730647568821,-460.8794225829906,65.59650145381023,0.0,274.53535455225807,-3312.360995095556,-1623.959264309091,-465.6216650893297,60.54780975785354,0.0,479.0847692865389,0.0
14,28,-1988.8825828972215,-2017.0860717874605,-460.8794225829906,65.59650145381023,0.0,274.53535455225807,-3259.4481749734623,-1653.3917418330811,-465.6216650893297,60.54780975785354,0.0,479.0847692865389,0.0
14,29,-2054.2736840266175,-2011.8990788180388,-460.8794225829906,65.59650145381023,0.0,274.53535455225807,-3206.535354851369,-1682.8242193570713,-465.6216650893297,60.54780975785354,0.0,479.0847692865389,0.0
14,30,-2119.6647851560137,-2006.712085848617,-460.8794225829906,65.59650145381023,0.0,274.53535455225807,-3153.6225347292752,-1712.2566968810615,-465.6216650893297,60.54780975785354,0.0,479.0847692865389,0.0
14,31,-2185.0558862854095,-2001.5250928791954,-460.8794225829906,65.59650145381023,0.0,274.53535455225807,-3100.7097146071815,-1741.6891744050517,-465.6216650893297,60.54780975785354,0.0,479.0847692865389,0.0
14,32,-2250.4469874148053,-1996.3380999097735,-460.8794225829906,65.59650145381023,0.0,274.53535455225807,-3047.7968944850877,-1771.1216519290417,-465.6216650893297,60.54780975785354,0.0,479.0847692865389,0.0
14,33,-2315.8380885442016,-1991.1511069403518,-460.8794225829906,65.59650145381023,0.0,274.53535455225807,-2994.8840743629944,-1800.554129453032,-465.6216650893297,60.54780975785354,0.0,479.0847692865389,0.0
14,34,-2381.229189673598,-1985.9641139709302,-460.8794225829906,65.59650145381023,0.0,274.53535455225807,-2941.9712542409006,-1829.9866069770221,-465.6216650893297,60.54780975785354,0.0,479.0847692865389,0.0
14,35,-2446.6202908029936,-1980.7771210015085,-460.8794225829906,65.59650145381023,0.0,274.53535455225807,-2889.058434118807,-1859.419084501012,-465.6216650893297,60.54780975785354,0.0,479.0847692865389,0.0
14,36,-2512.0113919323894,-1975.5901280320868,-460.8794225829906,65.59650145381023,0.0,274.53535455225807,-2836.145613996713,-1888.8515620250023,-465.6216650893297,60.54780975785354,0.0,479.0847692865389,0.0
14,37,-2577.4024930617857,-1970.4031350626651,-460.8794225829906,65.59650145381023,0.0,274.53535455225807,-2783.2327938746193,-1918.2840395489925,-465.6216650893297,60.54780975785354,0.0,479.0847692865389,0.0
14,38,-2642.793594191182,-1965.2161420932434,-460.8794225829906,65.59650145381023,0.0,274.53535455225807,-2730.319973752526,-1947.7165170729827,-465.6216650893297,60.54780975785354,0.0,479.0847692865389,0.0
14,39,-2708.1846953205777,-1960.0291491238218,-460.8794225829906,65.59650145381023,0.0,274.53535455225807,-2677.4071536304323,-1977.1489945969727,-465.6216650893297,60.54780975785354,0.0,479.0847692865389,0.0
14,40,-2773.5757964499735,-1954.8421561544,-460.8794225829906,65.59650145381023,0.0,274.53535455225807,-2624.4943335083385,-2006.5814721209629,-465.6216650893297,60.54780975785354,0.0,479.0847692865389,0.0
14,41,-2838.9668975793697,-1949.6551631849784,-460.8794225829906,65.59650145381023,0.0,274.53535455225807,-2571.5815133862448,-2036.013949644953,-465.6216650893297,60.54780975785354,0.0,479.0847692865389,0.0
14,42,-2904.357998708766,-1944.4681702155567,-460.8794225829906,65.59650145381023,0.0,274.53535455225807,-2518.668693264151,-2065.446427168943,-465.6216650893297,60.54780975785354,0.0,479.0847692865389,0.0
14,43,-2969.749099838162,-1939.281177246135,-460.8794225829906,65.59650145381023,0.0,274.53535455225807,-2465.7558731420577,-2094.8789046929332,-465.6216650893297,60.54780975785354,0.0,479.0847692865389,0.0
14,44,-3035.1402009675576,-1934.0941842767133,-460.8794225829906,65.59650145381023,0.0,274.53535455225807,-2412.843053019964,-2124.3113822169234,-465.6216650893297,60.54780975785354,0.0,479.0847692865389,0.0
14,45,-3100.531302096954,-1928.9071913072917,-460.8794225829906,65.59650145381023,0.0,274.53535455225807,-2359.93023289787,-2153.7438597409136,-465.6216650893297,60.54780975785354,0.0,479.0847692865389,0.0
14,46,-3165.92240322635,-1923.72019833787,-460.8794225829906,65.59650145381023,0.0,274.53535455225807,-2307.0174127757764,-2183.176337264904,-465.6216650893297,60.54780975785354,0.0,479.0847692865389,0.0
14,47,-3231.313504355746,-1918.533205368448,-460.8794225829906,65.59650145381023,0.0,274.53535455225807,-2254.1045926536826,-2212.608814788894,-465.6216650893297,60.54780975785354,0.0,479.0847692865389,0.0
14,48,-3296.7046054851417,-1913.3462123990264,-460.8794225829906,65.59650145381023,0.0,274.53535455225807,-2201.191772531589,-2242.041292312884,-465.6216650893297,60.54780975785354,0.0,479.0847692865389,0.0
14,49,-3362.095706614538,-1908.1592194296047,-460.8794225829906,65.59650145381023,0.0,274.53535455225807,-2148.2789524094956,-2271.473769836874,-465.6216650893297,60.54780975785354,0.0,479.0847692865389,0.0
15,0,5628.348718245426,1736.0111973364285,464.7659145193579,67.72798577017387,0.0,293.6125225951496,1385.434995169433,826.279291908256,438.7898503688179,68.79970901573878,0.0,402.8082373920137,0.0
15,1,5566.291244051639,1763.1395948779782,464.7659145193579,67.72798577017387,0.0,293.6125225951496,1432.1876162604794,876.7529719976587,438.7898503688179,68.79970901573878,0.0,402.8082373920137,0.0
15,2,5504.233769857852,1790.267992419528,464.7659145193579,67.72798577017387,0.0,293.6125225951496,1478.940237351526,927.2266520870614,438.7898503688179,68.79970901573878,0.0,402.8082373920137,0.0
15,3,5442.176295664065,1817.3963899610774,464.7659145193579,67.72798577017387,0.0,293.6125225951496,1525.6928584425723,977.7003321764641,438.7898503688179,68.79970901573878,0.0,402.8082373920137,0.0
15,4,5380.118821470278,1844.524787502627,464.7659145193579,67.72798577017387,0.0,293.6125225951496,1572.4454795336187,1028.1740122658668,438.7898503688179,68.79970901573878,0.0,402.8082373920137,0.0
15,5,5318.061347276492,1871.6531850441766,464.7659145193579,67.72798577017387,0.0,293.6125225951496,1619.1981006246654,1078.6476923552698,438.7898503688179,68.79970901573878,0.0,402.8082373920137,0.0
15,6,5256.003873082705,1898.7815825857265,464.7659145193579,67.72798577017387,0.0,293.6125225951496,1665.9507217157116,1129.1213724446725,438.7898503688179,68.79970901573878,0.0,402.8082373920137,0.0
15,7,5193.946398888918,1925.909980127276,464.7659145193579,67.72798577017387,0.0,293.6125225951496,1712.703342806758,1179.5950525340752,438.7898503688179,68.79970901573878,0.0,402.8082373920137,0.0
15,8,5131.888924695131,1953.0383776688254,464.7659145193579,67.72798577017387,0.0,293.6125225951496,1759.4559638978042,1230.068732623478,438.7898503688179,68.79970901573878,0.0,402.8082373920137,0.0
15,9,5069.831450501344,1980.1667752103751,464.7659145193579,67.72798577017387,0.0,293.6125225951496,1806.2085849888506,1280.5424127128806,438.7898503688179,68.79970901573878,0.0,402.8082373920137,0.0
15,10,5007.773976307557,2007.2951727519248,464.7659145193579,67.72798577017387,0.0,293.6125225951496,1852.9612060798972,1331.0160928022835,438.7898503688179,68.79970901573878,0.0,402.8082373920137,0.0
15,11,4945.716502113771,2034.4235702934743,464.7659145193579,67.72798577017387,0.0,293.6125225951496,1899.7138271709437,1381.489772891686,438.7898503688179,68.79970901573878,0.0,402.8082373920137,0.0
15,12,4883.659027919984,2061.551967835024,464.7659145193579,67.72798577017387,0.0,293.6125225951496,1946.4664482619899,1431.9634529810887,438.7898503688179,68.79970901573878,0.0,402.8082373920137,0.0
15,13,4821.601553726197,2088.6803653765737,464.7659145193579,67.72798577017387,0.0,293.6125225951496,1993.2190693530363,1482.4371330704917,438.7898503688179,68.79970901573878,0.0,402.8082373920137,0.0
15,14,4759.54407953241,2115.808762918123,464.7659145193579,67.72798577017387,0.0,293.6125225951496,2039.971690444083,1532.9108131598944,438.7898503688179,68.79970901573878,0.0,402.8082373920137,0.0
15,15,4697.486605338623,2142.9371604596727,464.7659145193579,67.72798577017387,0.0,293.6125225951496,2086.7243115351293,1583.384493249297,438.7898503688179,68.79970901573878,0.0,402.8082373920137,0.0
15,16,4635.429131144836,2170.0655580012226,464.7659145193579,67.72798577017387,0.0,293.6125225951496,2133.4769326261758,1633.8581733386998,438.7898503688179,68.79970901573878,0.0,402.8082373920137,0.0
15,17,4573.37165695105,2197.193955542772,464.7659145193579,67.72798577017387,0.0,293.6125225951496,2180.229553717222,1684.3318534281025,438.7898503688179,68.79970901573878,0.0,402.8082373920137,0.0
15,18,4511.314182757263,2224.3223530843215,464.7659145193579,67.72798577017387,0.0,293.6125225951496,2226.9821748082686,1734.8055335175054,438.7898503688179,68.79970901573878,0.0,402.8082373920137,0.0
15,19,4449.256708563476,2251.4507506258715,464.7659145193579,67.72798577017387,0.0,293.6125225951496,2273.734795899315,1785.2792136069081,438.7898503688179,68.79970901573878,0.0,402.8082373920137,0.0
15,20,4387.199234369689,2278.579148167421,464.7659145193579,67.72798577017387,0.0,293.6125225951496,2320.4874169903615,1835.7528936963106,438.7898503688179,68.79970901573878,0.0,402.8082373920137,0.0
15,21,4325.141760175902,2305.7075457089704,464.7659145193579,67.72798577017387,0.0,293.6125225951496,2367.240038081408,1886.2265737857135,438.7898503688179,68.79970901573878,0.0,402.8082373920137,0.0
15,22,4263.084285982115,2332.8359432505204,464.7659145193579,67.72798577017387,0.0,293.6125225951496,2413.9926591724543,1936.7002538751162,438.7898503688179,68.79970901573878,0.0,402.8082373920137,0.0
15,23,4201.026811788329,2359.96434079207,464.7659145193579,67.72798577017387,0.0,293.6125225951496,2460.7452802635007,1987.1739339645192,438.7898503688179,68.79970901573878,0.0,402.8082373920137,0.0
15,24,4138.969337594542,2387.0927383336193,464.7659145193579,67.72798577017387,0.0,293.6125225951496,2507.4979013545467,2037.6476140539216,438.7898503688179,68.79970901573878,0.0,402.8082373920137,0.0
15,25,4076.911863400755,2414.2211358751692,464.7659145193579,67.72798577017387,0.0,293.6125225951496,2554.250522445593,2088.1212941433246,438.7898503688179,68.79970901573878,0.0,402.8082373920137,0.0
15,26,4014.8543892069683,2441.3495334167187,464.7659145193579,67.72798577017387,0.0,293.6125225951496,2601.0031435366395,2138.5949742327275,438.7898503688179,68.79970901573878,0.0,402.8082373920137,0.0
15,27,3952.796915013181,2468.477930958268,464.7659145193579,67.72798577017387,0.0,293.6125225951496,2647.755764627686,2189.06865432213,438.7898503688179,68.79970901573878,0.0,402.8082373920137,0.0
15,28,3890.7394408193945,2495.606328499818,464.7659145193579,67.72798577017387,0.0,293.6125225951496,2694.5083857187324,2239.5423344115325,438.7898503688179,68.79970901573878,0.0,402.8082373920137,0.0
15,29,3828.681966625608,2522.7347260413676,464.7659145193579,67.72798577017387,0.0,293.6125225951496,2741.261006809779,2290.0160145009354,438.7898503688179,68.79970901573878,0.0,402.8082373920137,0.0
15,30,3766.6244924318207,2549.863123582917,464.7659145193579,67.72798577017387,0.0,293.6125225951496,2788.013627900825,2340.4896945903383,438.7898503688179,68.79970901573878,0.0,402.8082373920137,0.0
15,31,3704.567018238034,2576.9915211244665,464.7659145193579,67.72798577017387,0.0,293.6125225951496,2834.7662489918716,2390.963374679741,438.7898503688179,68.79970901573878,0.0,402.8082373920137,0.0
15,32,3642.5095440442474,2604.1199186660165,464.7659145193579,67.72798577017387,0.0,293.6125225951496,2881.518870082918,2441.4370547691437,438.7898503688179,68.79970901573878,0.0,402.8082373920137,0.0
15,33,3580.4520698504602,2631.248316207566,464.7659145193579,67.72798577017387,0.0,293.6125225951496,2928.2714911739645,2491.9107348585467,438.7898503688179,68.79970901573878,0.0,402.8082373920137,0.0
15,34,3518.3945956566736,2658.3767137491154,464.7659145193579,67.72798577017387,0.0,293.6125225951496,2975.024112265011,2542.384414947949,438.7898503688179,68.79970901573878,0.0,402.8082373920137,0.0
15,35,3456.3371214628864,2685.5051112906654,464.7659145193579,67.72798577017387,0.0,293.6125225951496,3021.7767333560573,2592.858095037352,438.7898503688179,68.79970901573878,0.0,402.8082373920137,0.0
15,36,3394.2796472690998,2712.633508832215,464.7659145193579,67.72798577017387,0.0,293.6125225951496,3068.5293544471037,2643.3317751267546,438.7898503688179,68.79970901573878,0.0,402.8082373920137,0.0
15,37,3332.222173075313,2739.7619063737643,464.7659145193579,67.72798577017387,0.0,293.6125225951496,3115.28197553815,2693.8054552161575,438.7898503688179,68.79970901573878,0.0,402.8082373920137,0.0
15,38,3270.164698881526,2766.8903039153142,464.7659145193579,67.72798577017387,0.0,293.6125225951496,3162.0345966291966,2744.27913530556,438.7898503688179,68.79970901573878,0.0,402.8082373920137,0.0
15,39,3208.1072246877393,2794.0187014568637,464.7659145193579,67.72798577017387,0.0,293.6125225951496,3208.787217720243,2794.752815394963,438.7898503688179,68.79970901573878,0.0,402.8082373920137,0.0
15,40,3146.0497504939526,2821.147098998413,464.7659145193579,67.72798577017387,0.0,293.6125225951496,3255.5398388112894,2845.226495484366,438.7898503688179,68.79970901573878,0.0,402.8082373920137,0.0
15,41,3083.9922763001655,2848.275496539963,464.7659145193579,67.72798577017387,0.0,293.6125225951496,3302.292459902336,2895.7001755737683,438.7898503688179,68.79970901573878,0.0,402.8082373920137,0.0
15,42,3021.934802106379,2875.4038940815126,464.7659145193579,67.72798577017387,0.0,293.6125225951496,3349.045080993382,2946.1738556631713,438.7898503688179,68.79970901573878,0.0,402.8082373920137,0.0
15,43,2959.877327912592,2902.532291623062,464.7659145193579,67.72798577017387,0.0,293.6125225951496,3395.7977020844282,2996.6475357525737,438.7898503688179,68.79970901573878,0.0,402.8082373920137,0.0
15,44,2897.819853718805,2929.660689164612,464.7659145193579,67.72798577017387,0.0,293.6125225951496,3442.5503231754747,3047.1212158419767,438.7898503688179,68.79970901573878,0.0,402.8082373920137,0.0
15,45,2835.7623795250183,2956.7890867061615,464.7659145193579,67.72798577017387,0.0,293.6125225951496,3489.302944266521,3097.594895931379,438.7898503688179,68.79970901573878,0.0,402.8082373920137,0.0
15,46,2773.704905331231,2983.917484247711,464.7659145193579,67.72798577017387,0.0,293.6125225951496,3536.0555653575675,3148.068576020782,438.7898503688179,68.79970901573878,0.0,402.8082373920137,0.0
15,47,2711.6474311374445,3011.045881789261,464.7659145193579,67.72798577017387,0.0,293.6125225951496,3582.808186448614,3198.542256110185,438.7898503688179,68.79970901573878,0.0,402.8082373920137,0.0
15,48,2649.589956943658,3038.1742793308104,464.7659145193579,67.72798577017387,0.0,293.6125225951496,3629.5608075396603,3249.0159361995875,438.7898503688179,68.79970901573878,0.0,402.8082373920137,0.0
15,49,2587.5324827498707,3065.30267687236,464.7659145193579,67.72798577017387,0.0,293.6125225951496,3676.3134286307068,3299.4896162889904,438.7898503688179,68.79970901573878,0.0,402.8082373920137,0.0
16,0,-1121.7498381345104,333.68661132748787,377.6086808337045,69.23277322035455,0.0,289.24745495412833,-5403.28709512144,-536.0343447819403,368.4275437725895,63.39156656609814,0.0,404.55022046547174,0.0
16,1,-1187.1127530098643,356.5091056429284,377.6086808337045,69.23277322035455,0.0,289.24745495412833,-5358.815745219209,-490.8592437906045,368.4275437725895,63.39156656609814,0.0,404.55022046547174,0.0
16,2,-1252.4756678852182,379.33159995836866,377.6086808337045,69.23277322035455,0.0,289.24745495412833,-5314.344395316979,-445.68414279926833,368.4275437725895,63.39156656609814,0.0,404.55022046547174,0.0
16,3,-1317.8385827605716,402.15409427380905,377.6086808337045,69.23277322035455,0.0,289.24745495412833,-5269.873045414748,-400.50904180793236,368.4275437725895,63.39156656609814,0.0,404.55022046547174,0.0
16,4,-1383.2014976359255,424.97658858924956,377.6086808337045,69.23277322035455,0.0,289.24745495412833,-5225.401695512517,-355.3339408165964,368.4275437725895,63.39156656609814,0.0,404.55022046547174,0.0
16,5,-1448.564412511279,447.79908290468995,377.6086808337045,69.23277322035455,0.0,289.24745495412833,-5180.930345610286,-310.15883982526043,368.4275437725895,63.39156656609814,0.0,404.55022046547174,0.0
16,6,-1513.927327386633,470.62157722013046,377.6086808337045,69.23277322035455,0.0,289.24745495412833,-5136.458995708055,-264.98373883392424,368.4275437725895,63.39156656609814,0.0,404.55022046547174,0.0
16,7,-1579.2902422619864,493.44407153557074,377.6086808337045,69.23277322035455,0.0,289.24745495412833,-5091.987645805824,-219.80863784258827,368.4275437725895,63.39156656609814,0.0,404.55022046547174,0.0
16,8,-1644.65315713734,516.2665658510111,377.6086808337045,69.23277322035455,0.0,289.24745495412833,-5047.516295903593,-174.6335368512523,368.4275437725895,63.39156656609814,0.0,404.55022046547174,0.0
16,9,-1710.016072012694,539.0890601664516,377.6086808337045,69.23277322035455,0.0,289.24745495412833,-5003.044946001362,-129.45843585991656,368.4275437725895,63.39156656609814,0.0,404.55022046547174,0.0
16,10,-1775.3789868880474,561.911554481892,377.6086808337045,69.23277322035455,0.0,289.24745495412833,-4958.573596099132,-84.28333486858037,368.4275437725895,63.39156656609814,0.0,404.55022046547174,0.0
16,11,-1840.741901763401,584.7340487973324,377.6086808337045,69.23277322035455,0.0,289.24745495412833,-4914.102246196901,-39.1082338772444,368.4275437725895,63.39156656609814,0.0,404.55022046547174,0.0
16,12,-1906.104816638755,607.5565431127728,377.6086808337045,69.23277322035455,0.0,289.24745495412833,-4869.6308962946705,6.066867114091565,368.4275437725895,63.39156656609814,0.0,404.55022046547174,0.0
16,13,-1971.4677315141084,630.3790374282132,377.6086808337045,69.23277322035455,0.0,289.24745495412833,-4825.15954639244,51.24196810542776,368.4275437725895,63.39156656609814,0.0,404.55022046547174,0.0
16,14,-2036.8306463894621,653.2015317436536,377.6086808337045,69.23277322035455,0.0,289.24745495412833,-4780.688196490209,96.41706909676373,368.4275437725895,63.39156656609814,0.0,404.55022046547174,0.0
16,15,-2102.193561264816,676.0240260590941,377.6086808337045,69.23277322035455,0.0,289.24745495412833,-4736.216846587979,141.5921700880997,368.4275437725895,63.39156656609814,0.0,404.55022046547174,0.0
16,16,-2167.5564761401697,698.8465203745345,377.6086808337045,69.23277322035455,0.0,289.24745495412833,-4691.745496685748,186.7672710794359,368.4275437725895,63.39156656609814,0.0,404.55022046547174,0.0
16,17,-2232.9193910155236,721.6690146899749,377.6086808337045,69.23277322035455,0.0,289.24745495412833,-4647.274146783517,231.94237207077185,368.4275437725895,63.39156656609814,0.0,404.55022046547174,0.0
16,18,-2298.282305890877,744.4915090054153,377.6086808337045,69.23277322035455,0.0,289.24745495412833,-4602.802796881286,277.1174730621076,368.4275437725895,63.39156656609814,0.0,404.55022046547174,0.0
16,19,-2363.6452207662305,767.3140033208557,377.6086808337045,69.23277322035455,0.0,289.24745495412833,-4558.331446979055,322.2925740534437,368.4275437725895,63.39156656609814,0.0,404.55022046547174,0.0
16,20,-2429.008135641584,790.1364976362961,377.6086808337045,69.23277322035455,0.0,289.24745495412833,-4513.860097076824,367.46767504477975,368.4275437725895,63.39156656609814,0.0,404.55022046547174,0.0
16,21,-2494.371050516938,812.9589919517365,377.6086808337045,69.23277322035455,0.0,289.24745495412833,-4469.388747174593,412.6427760361157,368.4275437725895,63.39156656609814,0.0,404.55022046547174,0.0
16,22,-2559.733965392292,835.7814862671769,377.6086808337045,69.23277322035455,0.0,289.24745495412833,-4424.917397272362,457.8178770274518,368.4275437725895,63.39156656609814,0.0,404.55022046547174,0.0
16,23,-2625.0968802676452,858.6039805826174,377.6086808337045,69.23277322035455,0.0,289.24745495412833,-4380.446047370132,502.99297801878777,368.4275437725895,63.39156656609814,0.0,404.55022046547174,0.0
16,24,-2690.459795142999,881.4264748980578,377.6086808337045,69.23277322035455,0.0,289.24745495412833,-4335.974697467901,548.1680790101237,368.4275437725895,63.39156656609814,0.0,404.55022046547174,0.0
16,25,-2755.8227100183526,904.2489692134982,377.6086808337045,69.23277322035455,0.0,289.24745495412833,-4291.50334756567,593.3431800014598,368.4275437725895,63.39156656609814,0.0,404.55022046547174,0.0
16,26,-2821.1856248937065,927.0714635289386,377.6086808337045,69.23277322035455,0.0,289.24745495412833,-4247.031997663439,638.5182809927958,368.4275437725895,63.39156656609814,0.0,404.55022046547174,0.0
16,27,-2886.54853976906,949.893957844379,377.6086808337045,69.23277322035455,0.0,289.24745495412833,-4202.560647761208,683.6933819841319,368.4275437725895,63.39156656609814,0.0,404.55022046547174,0.0
16,28,-2951.911454644414,972.7164521598195,377.6086808337045,69.23277322035455,0.0,289.24745495412833,-4158.089297858977,728.8684829754679,368.4275437725895,63.39156656609814,0.0,404.55022046547174,0.0
16,29,-3017.2743695197673,995.5389464752598,377.6086808337045,69.23277322035455,0.0,289.24745495412833,-4113.617947956747,774.0435839668038,368.4275437725895,63.39156656609814,0.0,404.55022046547174,0.0
16,30,-3082.6372843951212,1018.3614407907003,377.6086808337045,69.23277322035455,0.0,289.24745495412833,-4069.146598054516,819.2186849581399,368.4275437725895,63.39156656609814,0.0,404.55022046547174,0.0
16,31,-3148.0001992704747,1041.1839351061406,377.6086808337045,69.23277322035455,0.0,289.24745495412833,-4024.6752481522853,864.3937859494758,368.4275437725895,63.39156656609814,0.0,404.55022046547174,0.0
16,32,-3213.363114145828,1064.006429421581,377.6086808337045,69.23277322035455,0.0,289.24745495412833,-3980.2038982500544,909.5688869408118,368.4275437725895,63.39156656609814,0.0,404.55022046547174,0.0
16,33,-3278.726029021182,1086.8289237370216,377.6086808337045,69.23277322035455,0.0,289.24745495412833,-3935.7325483478235,954.7439879321479,368.4275437725895,63.39156656609814,0.0,404.55022046547174,0.0
16,34,-3344.088943896536,1109.6514180524618,377.6086808337045,69.23277322035455,0.0,289.24745495412833,-3891.2611984455925,999.9190889234839,368.4275437725895,63.39156656609814,0.0,404.55022046547174,0.0
16,35,-3409.4518587718894,1132.4739123679024,377.6086808337045,69.23277322035455,0.0,289.24745495412833,-3846.789848543362,1045.09418991482,368.4275437725895,63.39156656609814,0.0,404.55022046547174,0.0
16,36,-3474.814773647243,1155.2964066833426,377.6086808337045,69.23277322035455,0.0,289.24745495412833,-3802.318498641131,1090.269290906156,368.4275437725895,63.39156656609814,0.0,404.55022046547174,0.0
16,37,-3540.177688522597,1178.1189009987831,377.6086808337045,69.23277322035455,0.0,289.24745495412833,-3757.8471487389,1135.4443918974919,368.4275437725895,63.39156656609814,0.0,404.55022046547174,0.0
16,38,-3605.5406033979507,1200.9413953142234,377.6086808337045,69.23277322035455,0.0,289.24745495412833,-3713.3757988366697,1180.6194928888278,368.4275437725895,63.39156656609814,0.0,404.55022046547174,0.0
16,39,-3670.903518273304,1223.763889629664,377.6086808337045,69.23277322035455,0.0,289.24745495412833,-3668.9044489344387,1225.7945938801638,368.4275437725895,63.39156656609814,0.0,404.55022046547174,0.0
16,40,-3736.2664331486576,1246.5863839451044,377.6086808337045,69.23277322035455,0.0,289.24745495412833,-3624.433099032208,1270.9696948715,368.4275437725895,63.39156656609814,0.0,404.55022046547174,0.0
16,41,-3801.6293480240115,1269.4088782605447,377.6086808337045,69.23277322035455,0.0,289.24745495412833,-3579.961749129977,1316.144795862836,368.4275437725895,63.39156656609814,0.0,404.55022046547174,0.0
16,42,-3866.9922628993654,1292.2313725759852,377.6086808337045,69.23277322035455,0.0,289.24745495412833,-3535.4903992277464,1361.319896854172,368.4275437725895,63.39156656609814,0.0,404.55022046547174,0.0
16,43,-3932.355177774719,1315.0538668914255,377.6086808337045,69.23277322035455,0.0,289.24745495412833,-3491.0190493255154,1406.494997845508,368.4275437725895,63.39156656609814,0.0,404.55022046547174,0.0
16,44,-3997.7180926500723,1337.876361206866,377.6086808337045,69.23277322035455,0.0,289.24745495412833,-3446.5476994232845,1451.6700988368439,368.4275437725895,63.39156656609814,0.0,404.55022046547174,0.0
16,45,-4063.0810075254262,1360.6988555223063,377.6086808337045,69.23277322035455,0.0,289.24745495412833,-3402.076349521054,1496.8451998281798,368.4275437725895,63.39156656609814,0.0,404.55022046547174,0.0
16,46,-4128.44392240078,1383.5213498377468,377.6086808337045,69.23277322035455,0.0,289.24745495412833,-3357.604999618823,1542.020300819516,368.4275437725895,63.39156656609814,0.0,404.55022046547174,0.0
16,47,-4193.806837276134,1406.3438441531873,377.6086808337045,69.23277322035455,0.0,289.24745495412833,-3313.133649716592,1587.195401810852,368.4275437725895,63.39156656609814,0.0,404.55022046547174,0.0
16,48,-4259.169752151487,1429.1663384686276,377.6086808337045,69.23277322035455,0.0,289.24745495412833,-3268.662299814361,1632.370502802188,368.4275437725895,63.39156656609814,0.0,404.55022046547174,0.0
16,49,-4324.5326670268405,1451.988832784068,377.6086808337045,69.23277322035455,0.0,289.24745495412833,-3224.1909499121307,1677.5456037935242,368.4275437725895,63.39156656609814,0.0,404.55022046547174,0.0
17,0,-349.8911421235007,-1476.1913972222487,20.09765171111451,60.70188882838061,0.0,5.153763443036254,2417.8711818648094,1657.3356237156017,18.363332425919225,69.75596451859735,0.0,253.11182006485825,0.0
17,1,-344.4383587181137,-1415.7349131988867,20.09765171111451,60.70188882838061,0.0,5.153763443036254,2351.1235454888397,1637.0711813561115,18.363332425919225,69.75596451859735,0.0,253.11182006485825,0.0
17,2,-338.9855753127267,-1355.2784291755252,20.09765171111451,60.70188882838061,0.0,5.153763443036254,2284.37590911287,1616.8067389966213,18.363332425919225,69.75596451859735,0.0,253.11182006485825,0.0
17,3,-333.53279190733974,-1294.8219451521632,20.09765171111451,60.70188882838061,0.0,5.153763443036254,2217.6282727368994,1596.542296637131,18.363332425919225,69.75596451859735,0.0,253.11182006485825,0.0
17,4,-328.08000850195276,-1234.3654611288011,20.09765171111451,60.70188882838061,0.0,5.153763443036254,2150.880636360929,1576.2778542776407,18.363332425919225,69.75596451859735,0.0,253.11182006485825,0.0
17,5,-322.6272250965658,-1173.9089771054396,20.09765171111451,60.70188882838061,0.0,5.153763443036254,2084.1329999849595,1556.0134119181505,18.363332425919225,69.75596451859735,0.0,253.11182006485825,0.0
17,6,-317.1744416911788,-1113.4524930820774,20.09765171111451,60.70188882838061,0.0,5.153763443036254,2017.3853636089893,1535.74896955866,18.363332425919225,69.75596451859735,0.0,253.11182006485825,0.0
17,7,-311.7216582857918,-1052.9960090587156,20.09765171111451,60.70188882838061,0.0,5.153763443036254,1950.6377272330196,1515.4845271991699,18.363332425919225,69.75596451859735,0.0,253.11182006485825,0.0
17,8,-306.26887488040484,-992.5395250353536,20.09765171111451,60.70188882838061,0.0,5.153763443036254,1883.8900908570495,1495.2200848396797,18.363332425919225,69.75596451859735,0.0,253.11182006485825,0.0
17,9,-300.81609147501786,-932.0830410119918,20.09765171111451,60.70188882838061,0.0,5.153763443036254,1817.1424544810798,1474.9556424801895,18.363332425919225,69.75596451859735,0.0,253.11182006485825,0.0
17,10,-295.3633080696309,-871.6265569886295,20.09765171111451,60.70188882838061,0.0,5.153763443036254,1750.3948181051098,1454.6912001206992,18.363332425919225,69.75596451859735,0.0,253.11182006485825,0.0
17,11,-289.9105246642439,-811.1700729652678,20.09765171111451,60.70188882838061,0.0,5.153763443036254,1683.6471817291394,1434.426757761209,18.363332425919225,69.75596451859735,0.0,253.11182006485825,0.0
17,12,-284.4577412588569,-750.713588941906,20.09765171111451,60.70188882838061,0.0,5.153763443036254,1616.8995453531697,1414.1623154017188,18.363332425919225,69.75596451859735,0.0,253.11182006485825,0.0
17,13,-279.00495785346993,-690.257104918544,20.09765171111451,60.70188882838061,0.0,5.153763443036254,1550.1519089771998,1393.8978730422286,18.363332425919225,69.75596451859735,0.0,253.11182006485825,0.0
17,14,-273.55217444808295,-629.800620895182,20.09765171111451,60.70188882838061,0.0,5.153763443036254,1483.4042726012296,1373.6334306827384,18.363332425919225,69.75596451859735,0.0,253.11182006485825,0.0
17,15,-268.09939104269597,-569.34413687182,20.09765171111451,60.70188882838061,0.0,5.153763443036254,1416.6566362252597,1353.3689883232482,18.363332425919225,69.75596451859735,0.0,253.11182006485825,0.0
17,16,-262.646607637309,-508.8876528484582,20.09765171111451,60.70188882838061,0.0,5.153763443036254,1349.9089998492898,1333.1045459637578,18.363332425919225,69.75596451859735,0.0,253.11182006485825,0.0
17,17,-257.193824231922,-448.4311688250964,20.09765171111451,60.70188882838061,0.0,5.153763443036254,1283.1613634733196,1312.8401036042678,18.363332425919225,69.75596451859735,0.0,253.11182006485825,0.0
17,18,-251.74104082653503,-387.9746848017344,20.09765171111451,60.70188882838061,0.0,5.153763443036254,1216.4137270973497,1292.5756612447776,18.363332425919225,69.75596451859735,0.0,253.11182006485825,0.0
17,19,-246.28825742114802,-327.5182007783724,20.09765171111451,60.70188882838061,0.0,5.153763443036254,1149.66609072138,1272.3112188852872,18.363332425919225,69.75596451859735,0.0,253.11182006485825,0.0
17,20,-240.83547401576106,-267.06171675501037,20.09765171111451,60.70188882838061,0.0,5.153763443036254,1082.9184543454098,1252.046776525797,18.363332425919225,69.75596451859735,0.0,253.11182006485825,0.0
17,21,-235.38269061037408,-206.60523273164858,20.09765171111451,60.70188882838061,0.0,5.153763443036254,1016.1708179694397,1231.7823341663066,18.363332425919225,69.75596451859735,0.0,253.11182006485825,0.0
17,22,-229.9299072049871,-146.1487487082868,20.09765171111451,60.70188882838061,0.0,5.153763443036254,949.42318159347,1211.5178918068164,18.363332425919225,69.75596451859735,0.0,253.11182006485825,0.0
17,23,-224.47712379960012,-85.6922646849248,20.09765171111451,60.70188882838061,0.0,5.153763443036254,882.6755452174998,1191.2534494473261,18.363332425919225,69.75596451859735,0.0,253.11182006485825,0.0
17,24,-219.02434039421314,-25.2357806615629,20.09765171111451,60.70188882838061,0.0,5.153763443036254,815.92790884153,1170.989007087836,18.363332425919225,69.75596451859735,0.0,253.11182006485825,0.0
17,25,-213.57155698882616,35.22070336179911,20.09765171111451,60.70188882838061,0.0,5.153763443036254,749.1802724655598,1150.7245647283457,18.363332425919225,69.75596451859735,0.0,253.11182006485825,0.0
17,26,-208.11877358343918,95.677187385161,20.09765171111451,60.70188882838061,0.0,5.153763443036254,682.4326360895899,1130.4601223688555,18.363332425919225,69.75596451859735,0.0,253.11182006485825,0.0
17,27,-202.6659901780522,156.133671408523,20.09765171111451,60.70188882838061,0.0,5.153763443036254,615.6849997136198,1110.1956800093653,18.363332425919225,69.75596451859735,0.0,253.11182006485825,0.0
17,28,-197.21320677266522,216.5901554318848,20.09765171111451,60.70188882838061,0.0,5.153763443036254,548.9373633376499,1089.9312376498751,18.363332425919225,69.75596451859735,0.0,253.11182006485825,0.0
17,29,-191.76042336727824,277.0466394552468,20.09765171111451,60.70188882838061,0.0,5.153763443036254,482.18972696168,1069.666795290385,18.363332425919225,69.75596451859735,0.0,253.11182006485825,0.0
17,30,-186.30763996189125,337.5031234786087,20.09765171111451,60.70188882838061,0.0,5.153763443036254,415.4420905857098,1049.4023529308947,18.363332425919225,69.75596451859735,0.0,253.11182006485825,0.0
17,31,-180.85485655650427,397.9596075019706,20.09765171111451,60.70188882838061,0.0,5.153763443036254,348.69445420973994,1029.1379105714043,18.363332425919225,69.75596451859735,0.0,253.11182006485825,0.0
17,32,-175.4020731511173,458.41609152533255,20.09765171111451,60.70188882838061,0.0,5.153763443036254,281.94681783376996,1008.8734682119142,18.363332425919225,69.75596451859735,0.0,253.11182006485825,0.0
17,33,-169.9492897457303,518.8725755486945,20.09765171111451,60.70188882838061,0.0,5.153763443036254,215.19918145779997,988.6090258524239,18.363332425919225,69.75596451859735,0.0,253.11182006485825,0.0
17,34,-164.49650634034333,579.3290595720564,20.09765171111451,60.70188882838061,0.0,5.153763443036254,148.45154508182998,968.3445834929337,18.363332425919225,69.75596451859735,0.0,253.11182006485825,0.0
17,35,-159.04372293495635,639.7855435954183,20.09765171111451,60.70188882838061,0.0,5.153763443036254,81.70390870585999,948.0801411334435,18.363332425919225,69.75596451859735,0.0,253.11182006485825,0.0
17,36,-153.59093952956937,700.2420276187802,20.09765171111451,60.70188882838061,0.0,5.153763443036254,14.956272329889998,927.8156987739533,18.363332425919225,69.75596451859735,0.0,253.11182006485825,0.0
17,37,-148.1381561241824,760.6985116421422,20.09765171111451,60.70188882838061,0.0,5.153763443036254,-51.79136404607998,907.551256414463,18.363332425919225,69.75596451859735,0.0,253.11182006485825,0.0
17,38,-142.6853727187954,821.1549956655041,20.09765171111451,60.70188882838061,0.0,5.153763443036254,-118.53900042204997,887.2868140549728,18.363332425919225,69.75596451859735,0.0,253.11182006485825,0.0
17,39,-137.23258931340843,881.611479688866,20.09765171111451,60.70188882838061,0.0,5.153763443036254,-185.28663679801994,867.0223716954825,18.363332425919225,69.75596451859735,0.0,253.11182006485825,0.0
17,40,-131.77980590802144,942.0679637122279,20.09765171111451,60.70188882838061,0.0,5.153763443036254,-252.03427317398993,846.7579293359922,18.363332425919225,69.75596451859735,0.0,253.11182006485825,0.0
17,41,-126.32702250263446,1002.5244477355898,20.09765171111451,60.70188882838061,0.0,5.153763443036254,-318.7819095499599,826.493486976502,18.363332425919225,69.75596451859735,0.0,253.11182006485825,0.0
17,42,-120.87423909724748,1062.9809317589518,20.09765171111451,60.70188882838061,0.0,5.153763443036254,-385.52954592592994,806.2290446170118,18.363332425919225,69.75596451859735,0.0,253.11182006485825,0.0
17,43,-115.4214556918605,1123.4374157823136,20.09765171111451,60.70188882838061,0.0,5.153763443036254,-452.2771823018999,785.9646022575216,18.363332425919225,69.75596451859735,0.0,253.11182006485825,0.0
17,44,-109.96867228647352,1183.8938998056756,20.09765171111451,60.70188882838061,0.0,5.153763443036254,-519.0248186778699,765.7001598980314,18.363332425919225,69.75596451859735,0.0,253.11182006485825,0.0
17,45,-104.51588888108654,1244.3503838290376,20.09765171111451,60.70188882838061,0.0,5.153763443036254,-585.7724550538398,745.4357175385411,18.363332425919225,69.75596451859735,0.0,253.11182006485825,0.0
17,46,-99.06310547569956,1304.8068678523994,20.09765171111451,60.70188882838061,0.0,5.153763443036254,-652.5200914298098,725.1712751790509,18.363332425919225,69.75596451859735,0.0,253.11182006485825,0.0
17,47,-93.61032207031258,1365.2633518757614,20.09765171111451,60.70188882838061,0.0,5.153763443036254,-719.2677278057799,704.9068328195607,18.363332425919225,69.75596451859735,0.0,253.11182006485825,0.0
17,48,-88.1575386649256,1425.7198358991232,20.09765171111451,60.70188882838061,0.0,5.153763443036254,-786.0153641817498,684.6423904600704,18.363332425919225,69.75596451859735,0.0,253.11182006485825,0.0
17,49,-82.70475525953863,1486.1763199224852,20.09765171111451,60.70188882838061,0.0,5.153763443036254,-852.7630005577198,664.3779481005802,18.363332425919225,69.75596451859735,0.0,253.11182006485825,0.0
18,0,-4576.407463265025,1560.1685442835628,220.3114203336196,63.23591155257165,0.0,54.22436448109582,-872.9530201686166,4657.820037824411,227.78630858117975,62.1318475176447,0.0,225.7969239816126,0.0
18,1,-4525.103378197553,1597.1370628537481,220.3114203336196,63.23591155257165,0.0,54.22436448109582,-917.4936751635037,4614.501490658304,227.78630858117975,62.1318475176447,0.0,225.7969239816126,0.0
18,2,-4473.79929313008,1634.1055814239337,220.3114203336196,63.23591155257165,0.0,54.22436448109582,-962.0343301583914,4571.182943492196,227.78630858117975,62.1318475176447,0.0,225.7969239816126,0.0
18,3,-4422.495208062606,1671.074099994119,220.3114203336196,63.23591155257165,0.0,54.22436448109582,-1006.5749851532785,4527.864396326088,227.78630858117975,62.1318475176447,0.0,225.7969239816126,0.0
18,4,-4371.191122995133,1708.0426185643048,220.3114203336196,63.23591155257165,0.0,54.22436448109582,-1051.1156401481658,4484.545849159981,227.78630858117975,62.1318475176447,0.0,225.7969239816126,0.0
18,5,-4319.88703792766,1745.0111371344901,220.3114203336196,63.23591155257165,0.0,54.22436448109582,-1095.656295143053,4441.227301993873,227.78630858117975,62.1318475176447,0.0,225.7969239816126,0.0
18,6,-4268.582952860186,1781.9796557046757,220.3114203336196,63.23591155257165,0.0,54.22436448109582,-1140.1969501379403,4397.908754827766,227.78630858117975,62.1318475176447,0.0,225.7969239816126,0.0
18,7,-4217.278867792714,1818.948174274861,220.3114203336196,63.23591155257165,0.0,54.22436448109582,-1184.7376051328276,4354.5902076616585,227.78630858117975,62.1318475176447,0.0,225.7969239816126,0.0
18,8,-4165.97478272524,1855.9166928450463,220.3114203336196,63.23591155257165,0.0,54.22436448109582,-1229.2782601277147,4311.271660495551,227.78630858117975,62.1318475176447,0.0,225.7969239816126,0.0
18,9,-4114.670697657767,1892.8852114152319,220.3114203336196,63.23591155257165,0.0,54.22436448109582,-1273.8189151226022,4267.953113329444,227.78630858117975,62.1318475176447,0.0,225.7969239816126,0.0
18,10,-4063.366612590294,1929.8537299854174,220.3114203336196,63.23591155257165,0.0,54.22436448109582,-1318.3595701174895,4224.634566163336,227.78630858117975,62.1318475176447,0.0,225.7969239816126,0.0
18,11,-4012.0625275228213,1966.8222485556028,220.3114203336196,63.23591155257165,0.0,54.22436448109582,-1362.9002251123766,4181.316018997229,227.78630858117975,62.1318475176447,0.0,225.7969239816126,0.0
18,12,-3960.758442455348,2003.790767125788,220.3114203336196,63.23591155257165,0.0,54.22436448109582,-1407.440880107264,4137.997471831121,227.78630858117975,62.1318475176447,0.0,225.7969239816126,0.0
18,13,-3909.454357387875,2040.7592856959736,220.3114203336196,63.23591155257165,0.0,54.22436448109582,-1451.9815351021512,4094.678924665014,227.78630858117975,62.1318475176447,0.0,225.7969239816126,0.0
18,14,-3858.150272320402,2077.727804266159,220.3114203336196,63.23591155257165,0.0,54.22436448109582,-1496.5221900970384,4051.3603774989065,227.78630858117975,62.1318475176447,0.0,225.7969239816126,0.0
18,15,-3806.8461872529288,2114.6963228363447,220.3114203336196,63.23591155257165,0.0,54.22436448109582,-1541.0628450919257,4008.041830332799,227.78630858117975,62.1318475176447,0.0,225.7969239816126,0.0
18,16,-3755.5421021854554,2151.66484140653,220.3114203336196,63.23591155257165,0.0,54.22436448109582,-1585.603500086813,3964.7232831666915,227.78630858117975,62.1318475176447,0.0,225.7969239816126,0.0
18,17,-3704.2380171179825,2188.6333599767154,220.3114203336196,63.23591155257165,0.0,54.22436448109582,-1630.1441550817003,3921.4047360005843,227.78630858117975,62.1318475176447,0.0,225.7969239816126,0.0
18,18,-3652.933932050509,2225.601878546901,220.3114203336196,63.23591155257165,0.0,54.22436448109582,-1674.6848100765876,3878.0861888344766,227.78630858117975,62.1318475176447,0.0,225.7969239816126,0.0
18,19,-3601.6298469830363,2262.570397117086,220.3114203336196,63.23591155257165,0.0,54.22436448109582,-1719.225465071475,3834.767641668369,227.78630858117975,62.1318475176447,0.0,225.7969239816126,0.0
18,20,-3550.325761915563,2299.5389156872716,220.3114203336196,63.23591155257165,0.0,54.22436448109582,-1763.766120066362,3791.4490945022617,227.78630858117975,62.1318475176447,0.0,225.7969239816126,0.0
18,21,-3499.02167684809,2336.507434257457,220.3114203336196,63.23591155257165,0.0,54.22436448109582,-1808.3067750612495,3748.1305473361545,227.78630858117975,62.1318475176447,0.0,225.7969239816126,0.0
18,22,-3447.717591780617,2373.4759528276427,220.3114203336196,63.23591155257165,0.0,54.22436448109582,-1852.8474300561365,3704.812000170047,227.78630858117975,62.1318475176447,0.0,225.7969239816126,0.0
18,23,-3396.4135067131438,2410.4444713978282,220.3114203336196,63.23591155257165,0.0,54.22436448109582,-1897.3880850510238,3661.4934530039395,227.78630858117975,62.1318475176447,0.0,225.7969239816126,0.0
18,24,-3345.1094216456704,2447.412989968014,220.3114203336196,63.23591155257165,0.0,54.22436448109582,-1941.9287400459111,3618.174905837832,227.78630858117975,62.1318475176447,0.0,225.7969239816126,0.0
18,25,-3293.8053365781975,2484.381508538199,220.3114203336196,63.23591155257165,0.0,54.22436448109582,-1986.4693950407984,3574.8563586717246,227.78630858117975,62.1318475176447,0.0,225.7969239816126,0.0
18,26,-3242.5012515107246,2521.3500271083844,220.3114203336196,63.23591155257165,0.0,54.22436448109582,-2031.0100500356857,3531.5378115056174,227.78630858117975,62.1318475176447,0.0,225.7969239816126,0.0
18,27,-3191.1971664432513,2558.31854567857,220.3114203336196,63.23591155257165,0.0,54.22436448109582,-2075.550705030573,3488.2192643395097,227.78630858117975,62.1318475176447,0.0,225.7969239816126,0.0
18,28,-3139.893081375778,2595.2870642487555,220.3114203336196,63.23591155257165,0.0,54.22436448109582,-2120.0913600254603,3444.9007171734024,227.78630858117975,62.1318475176447,0.0,225.7969239816126,0.0
18,29,-3088.588996308305,2632.2555828189406,220.3114203336196,63.23591155257165,0.0,54.22436448109582,-2164.6320150203474,3401.5821700072947,227.78630858117975,62.1318475176447,0.0,225.7969239816126,0.0
18,30,-3037.284911240832,2669.224101389126,220.3114203336196,63.23591155257165,0.0,54.22436448109582,-2209.172670015235,3358.2636228411875,227.78630858117975,62.1318475176447,0.0,225.7969239816126,0.0
18,31,-2985.9808261733588,2706.1926199593117,220.3114203336196,63.23591155257165,0.0,54.22436448109582,-2253.713325010122,3314.94507567508,227.78630858117975,62.1318475176447,0.0,225.7969239816126,0.0
18,32,-2934.6767411058854,2743.1611385294973,220.3114203336196,63.23591155257165,0.0,54.22436448109582,-2298.2539800050095,3271.6265285089726,227.78630858117975,62.1318475176447,0.0,225.7969239816126,0.0
18,33,-2883.3726560384125,2780.1296570996824,220.3114203336196,63.23591155257165,0.0,54.22436448109582,-2342.7946349998965,3228.307981342865,227.78630858117975,62.1318475176447,0.0,225.7969239816126,0.0
18,34,-2832.0685709709396,2817.098175669868,220.3114203336196,63.23591155257165,0.0,54.22436448109582,-2387.335289994784,3184.9894341767576,227.78630858117975,62.1318475176447,0.0,225.7969239816126,0.0
18,35,-2780.7644859034663,2854.0666942400535,220.3114203336196,63.23591155257165,0.0,54.22436448109582,-2431.875944989671,3141.67088701065,227.78630858117975,62.1318475176447,0.0,225.7969239816126,0.0
18,36,-2729.460400835993,2891.035212810239,220.3114203336196,63.23591155257165,0.0,54.22436448109582,-2476.4165999845586,3098.3523398445427,227.78630858117975,62.1318475176447,0.0,225.7969239816126,0.0
18,37,-2678.15631576852,2928.003731380424,220.3114203336196,63.23591155257165,0.0,54.22436448109582,-2520.9572549794457,3055.033792678435,227.78630858117975,62.1318475176447,0.0,225.7969239816126,0.0
18,38,-2626.852230701047,2964.9722499506097,220.3114203336196,63.23591155257165,0.0,54.22436448109582,-2565.497909974333,3011.715245512328,227.78630858117975,62.1318475176447,0.0,225.7969239816126,0.0
18,39,-2575.5481456335738,3001.9407685207952,220.3114203336196,63.23591155257165,0.0,54.22436448109582,-2610.0385649692203,2968.3966983462205,227.78630858117975,62.1318475176447,0.0,225.7969239816126,0.0
18,40,-2524.2440605661004,3038.909287090981,220.3114203336196,63.23591155257165,0.0,54.22436448109582,-2654.579219964108,2925.078151180113,227.78630858117975,62.1318475176447,0.0,225.7969239816126,0.0
18,41,-2472.9399754986275,3075.8778056611663,220.3114203336196,63.23591155257165,0.0,54.22436448109582,-2699.119874958995,2881.7596040140056,227.78630858117975,62.1318475176447,0.0,225.7969239816126,0.0
18,42,-2421.6358904311546,3112.8463242313514,220.3114203336196,63.23591155257165,0.0,54.22436448109582,-2743.6605299538824,2838.441056847898,227.78630858117975,62.1318475176447,0.0,225.7969239816126,0.0
18,43,-2370.3318053636813,3149.814842801537,220.3114203336196,63.23591155257165,0.0,54.22436448109582,-2788.2011849487694,2795.1225096817907,227.78630858117975,62.1318475176447,0.0,225.7969239816126,0.0
18,44,-2319.027720296208,3186.7833613717225,220.3114203336196,63.23591155257165,0.0,54.22436448109582,-2832.7418399436565,2751.803962515683,227.78630858117975,62.1318475176447,0.0,225.7969239816126,0.0
18,45,-2267.723635228735,3223.751879941908,220.3114203336196,63.23591155257165,0.0,54.22436448109582,-2877.282494938544,2708.4854153495758,227.78630858117975,62.1318475176447,0.0,225.7969239816126,0.0
18,46,-2216.419550161262,3260.720398512093,220.3114203336196,63.23591155257165,0.0,54.22436448109582,-2921.823149933431,2665.166868183468,227.78630858117975,62.1318475176447,0.0,225.7969239816126,0.0
18,47,-2165.1154650937888,3297.6889170822787,220.3114203336196,63.23591155257165,0.0,54.22436448109582,-2966.3638049283186,2621.848321017361,227.78630858117975,62.1318475176447,0.0,225.7969239816126,0.0
18,48,-2113.8113800263154,3334.6574356524643,220.3114203336196,63.23591155257165,0.0,54.22436448109582,-3010.9044599232056,2578.5297738512536,227.78630858117975,62.1318475176447,0.0,225.7969239816126,0.0
18,49,-2062.5072949588425,3371.62595422265,220.3114203336196,63.23591155257165,0.0,54.22436448109582,-3055.445114918093,2535.211226685146,227.78630858117975,62.1318475176447,0.0,225.7969239816126,0.0
19,0,5163.432364785226,5011.078517441456,-129.83094804835696,69.2260752900405,0.0,238.19482230262543,2313.803646531192,1134.1141363550223,-155.37160429238963,67.03750073963485,0.0,372.7478370136183,0.0
19,1,5104.600926009077,4974.594119247288,-129.83094804835696,69.2260752900405,0.0,238.19482230262543,2328.596182638142,1199.4992063705931,-155.37160429238963,67.03750073963485,0.0,372.7478370136183,0.0
19,2,5045.769487232928,4938.109721053121,-129.83094804835696,69.2260752900405,0.0,238.19482230262543,2343.388718745093,1264.884276386164,-155.37160429238963,67.03750073963485,0.0,372.7478370136183,0.0
19,3,4986.938048456779,4901.625322858954,-129.83094804835696,69.2260752900405,0.0,238.19482230262543,2358.181254852043,1330.2693464017352,-155.37160429238963,67.03750073963485,0.0,372.7478370136183,0.0
19,4,4928.10660968063,4865.140924664785,-129.83094804835696,69.2260752900405,0.0,238.19482230262543,2372.973790958993,1395.654416417306,-155.37160429238963,67.03750073963485,0.0,372.7478370136183,0.0
19,5,4869.275170904481,4828.656526470619,-129.83094804835696,69.2260752900405,0.0,238.19482230262543,2387.766327065943,1461.0394864328769,-155.37160429238963,67.03750073963485,0.0,372.7478370136183,0.0
19,6,4810.443732128331,4792.172128276451,-129.83094804835696,69.2260752900405,0.0,238.19482230262543,2402.5588631728933,1526.4245564484481,-155.37160429238963,67.03750073963485,0.0,372.7478370136183,0.0
19,7,4751.612293352182,4755.687730082283,-129.83094804835696,69.2260752900405,0.0,238.19482230262543,2417.3513992798435,1591.809626464019,-155.37160429238963,67.03750073963485,0.0,372.7478370136183,0.0
19,8,4692.780854576034,4719.203331888116,-129.83094804835696,69.2260752900405,0.0,238.19482230262543,2432.143935386794,1657.1946964795898,-155.37160429238963,67.03750073963485,0.0,372.7478370136183,0.0
19,9,4633.949415799884,4682.718933693948,-129.83094804835696,69.2260752900405,0.0,238.19482230262543,2446.936471493744,1722.579766495161,-155.37160429238963,67.03750073963485,0.0,372.7478370136183,0.0
19,10,4575.117977023735,4646.234535499781,-129.83094804835696,69.2260752900405,0.0,238.19482230262543,2461.7290076006943,1787.9648365107319,-155.37160429238963,67.03750073963485,0.0,372.7478370136183,0.0
19,11,4516.286538247587,4609.750137305613,-129.83094804835696,69.2260752900405,0.0,238.19482230262543,2476.5215437076445,1853.3499065263027,-155.37160429238963,67.03750073963485,0.0,372.7478370136183,0.0
19,12,4457.455099471437,4573.265739111445,-129.83094804835696,69.2260752900405,0.0,238.19482230262543,2491.314079814595,1918.734976541874,-155.37160429238963,67.03750073963485,0.0,372.7478370136183,0.0
19,13,4398.623660695288,4536.781340917278,-129.83094804835696,69.2260752900405,0.0,238.19482230262543,2506.106615921545,1984.1200465574448,-155.37160429238963,67.03750073963485,0.0,372.7478370136183,0.0
19,14,4339.792221919139,4500.29694272311,-129.83094804835696,69.2260752900405,0.0,238.19482230262543,2520.8991520284953,2049.5051165730156,-155.37160429238963,67.03750073963485,0.0,372.7478370136183,0.0
19,15,4280.960783142989,4463.812544528942,-129.83094804835696,69.2260752900405,0.0,238.19482230262543,2535.6916881354455,2114.8901865885864,-155.37160429238963,67.03750073963485,0.0,372.7478370136183,0.0
19,16,4222.12934436684,4427.328146334775,-129.83094804835696,69.2260752900405,0.0,238.19482230262543,2550.4842242423956,2180.2752566041577,-155.37160429238963,67.03750073963485,0.0,372.7478370136183,0.0
19,17,4163.297905590692,4390.843748140607,-129.83094804835696,69.2260752900405,0.0,238.19482230262543,2565.2767603493458,2245.660326619729,-155.37160429238963,67.03750073963485,0.0,372.7478370136183,0.0
19,18,4104.466466814542,4354.3593499464405,-129.83094804835696,69.2260752900405,0.0,238.19482230262543,2580.0692964562963,2311.0453966352998,-155.37160429238963,67.03750073963485,0.0,372.7478370136183,0.0
19,19,4045.6350280383936,4317.874951752273,-129.83094804835696,69.2260752900405,0.0,238.19482230262543,2594.8618325632465,2376.4304666508706,-155.37160429238963,67.03750073963485,0.0,372.7478370136183,0.0
19,20,3986.8035892622443,4281.390553558105,-129.83094804835696,69.2260752900405,0.0,238.19482230262543,2609.6543686701966,2441.8155366664414,-155.37160429238963,67.03750073963485,0.0,372.7478370136183,0.0
19,21,3927.9721504860954,4244.906155363938,-129.83094804835696,69.2260752900405,0.0,238.19482230262543,2624.4469047771468,2507.200606682012,-155.37160429238963,67.03750073963485,0.0,372.7478370136183,0.0
19,22,3869.140711709946,4208.42175716977,-129.83094804835696,69.2260752900405,0.0,238.19482230262543,2639.239440884097,2572.5856766975835,-155.37160429238963,67.03750073963485,0.0,372.7478370136183,0.0
19,23,3810.309272933797,4171.937358975602,-129.83094804835696,69.2260752900405,0.0,238.19482230262543,2654.0319769910475,2637.9707467131543,-155.37160429238963,67.03750073963485,0.0,372.7478370136183,0.0
19,24,3751.477834157648,4135.452960781435,-129.83094804835696,69.2260752900405,0.0,238.19482230262543,2668.8245130979976,2703.355816728725,-155.37160429238963,67.03750073963485,0.0,372.7478370136183,0.0
19,25,3692.646395381499,4098.968562587267,-129.83094804835696,69.2260752900405,0.0,238.19482230262543,2683.6170492049478,2768.7408867442964,-155.37160429238963,67.03750073963485,0.0,372.7478370136183,0.0
19,26,3633.81495660535,4062.4841643930995,-129.83094804835696,69.2260752900405,0.0,238.19482230262543,2698.409585311898,2834.125956759867,-155.37160429238963,67.03750073963485,0.0,372.7478370136183,0.0
19,27,3574.9835178292005,4025.999766198932,-129.83094804835696,69.2260752900405,0.0,238.19482230262543,2713.202121418848,2899.511026775438,-155.37160429238963,67.03750073963485,0.0,372.7478370136183,0.0
19,28,3516.1520790530517,3989.5153680047642,-129.83094804835696,69.2260752900405,0.0,238.19482230262543,2727.994657525798,2964.896096791009,-155.37160429238963,67.03750073963485,0.0,372.7478370136183,0.0
19,29,3457.320640276903,3953.030969810597,-129.83094804835696,69.2260752900405,0.0,238.19482230262543,2742.7871936327488,3030.28116680658,-155.37160429238963,67.03750073963485,0.0,372.7478370136183,0.0
19,30,3398.4892015007536,3916.5465716164294,-129.83094804835696,69.2260752900405,0.0,238.19482230262543,2757.579729739699,3095.666236822151,-155.37160429238963,67.03750073963485,0.0,372.7478370136183,0.0
19,31,3339.6577627246043,3880.062173422262,-129.83094804835696,69.2260752900405,0.0,238.19482230262543,2772.372265846649,3161.051306837722,-155.37160429238963,67.03750073963485,0.0,372.7478370136183,0.0
19,32,3280.8263239484554,3843.577775228094,-129.83094804835696,69.2260752900405,0.0,238.19482230262543,2787.164801953599,3226.436376853293,-155.37160429238963,67.03750073963485,0.0,372.7478370136183,0.0
19,33,3221.994885172306,3807.0933770339266,-129.83094804835696,69.2260752900405,0.0,238.19482230262543,2801.95733806055,3291.821446868864,-155.37160429238963,67.03750073963485,0.0,372.7478370136183,0.0
19,34,3163.1634463961573,3770.608978839759,-129.83094804835696,69.2260752900405,0.0,238.19482230262543,2816.7498741675,3357.2065168844347,-155.37160429238963,67.03750073963485,0.0,372.7478370136183,0.0
19,35,3104.332007620008,3734.1245806455913,-129.83094804835696,69.2260752900405,0.0,238.19482230262543,2831.54241027445,3422.591586900006,-155.37160429238963,67.03750073963485,0.0,372.7478370136183,0.0
19,36,3045.500568843859,3697.640182451424,-129.83094804835696,69.2260752900405,0.0,238.19482230262543,2846.3349463814,3487.9766569155768,-155.37160429238963,67.03750073963485,0.0,372.7478370136183,0.0
19,37,2986.66913006771,3661.1557842572565,-129.83094804835696,69.2260752900405,0.0,238.19482230262543,2861.1274824883503,3553.3617269311476,-155.37160429238963,67.03750073963485,0.0,372.7478370136183,0.0
19,38,2927.837691291561,3624.671386063089,-129.83094804835696,69.2260752900405,0.0,238.19482230262543,2875.920018595301,3618.746796946719,-155.37160429238963,67.03750073963485,0.0,372.7478370136183,0.0
19,39,2869.0062525154117,3588.1869878689213,-129.83094804835696,69.2260752900405,0.0,238.19482230262543,2890.712554702251,3684.1318669622897,-155.37160429238963,67.03750073963485,0.0,372.7478370136183,0.0
19,40,2810.1748137392624,3551.7025896747537,-129.83094804835696,69.2260752900405,0.0,238.19482230262543,2905.505090809201,3749.5169369778605,-155.37160429238963,67.03750073963485,0.0,372.7478370136183,0.0
19,41,2751.3433749631135,3515.218191480586,-129.83094804835696,69.2260752900405,0.0,238.19482230262543,2920.2976269161513,3814.9020069934318,-155.37160429238963,67.03750073963485,0.0,372.7478370136183,0.0
19,42,2692.5119361869642,3478.7337932864184,-129.83094804835696,69.2260752900405,0.0,238.19482230262543,2935.0901630231015,3880.2870770090026,-155.37160429238963,67.03750073963485,0.0,372.7478370136183,0.0
19,43,2633.6804974108154,3442.2493950922512,-129.83094804835696,69.2260752900405,0.0,238.19482230262543,2949.882699130052,3945.6721470245734,-155.37160429238963,67.03750073963485,0.0,372.7478370136183,0.0
19,44,2574.849058634666,3405.7649968980836,-129.83094804835696,69.2260752900405,0.0,238.19482230262543,2964.675235237002,4011.0572170401447,-155.37160429238963,67.03750073963485,0.0,372.7478370136183,0.0
19,45,2516.0176198585173,3369.280598703916,-129.83094804835696,69.2260752900405,0.0,238.19482230262543,2979.4677713439523,4076.4422870557155,-155.37160429238963,67.03750073963485,0.0,372.7478370136183,0.0
19,46,2457.186181082368,3332.7962005097484,-129.83094804835696,69.2260752900405,0.0,238.19482230262543,2994.2603074509025,4141.827357071286,-155.37160429238963,67.03750073963485,0.0,372.7478370136183,0.0
19,47,2398.354742306219,3296.3118023155807,-129.83094804835696,69.2260752900405,0.0,238.19482230262543,3009.0528435578526,4207.212427086857,-155.37160429238963,67.03750073963485,0.0,372.7478370136183,0.0
19,48,2339.52330353007,3259.827404121413,-129.83094804835696,69.2260752900405,0.0,238.19482230262543,3023.845379664803,4272.597497102428,-155.37160429238963,67.03750073963485,0.0,372.7478370136183,0.0
19,49,2280.6918647539205,3223.3430059272455,-129.83094804835696,69.2260752900405,0.0,238.19482230262543,3038.6379157717533,4337.982567118,-155.37160429238963,67.03750073963485,0.0,372.7478370136183,0.0
20,0,-3144.265727829668,-2233.291839989887,-258.8619006983368,62.14768591355788,0.0,61.550753623330166,1248.2874361635072,-588.7005979632744,-279.6125039348774,61.47688152705254,0.0,257.7755727653406,0.0
20,1,-3089.6230310488454,-2203.685919079883,-258.8619006983368,62.14768591355788,0.0,61.550753623330166,1188.2044992665883,-601.7178041202076,-279.6125039348774,61.47688152705254,0.0,257.7755727653406,0.0
20,2,-3034.9803342680234,-2174.07999816988,-258.8619006983368,62.14768591355788,0.0,61.550753623330166,1128.1215623696694,-614.7350102771406,-279.6125039348774,61.47688152705254,0.0,257.7755727653406,0.0
20,3,-2980.3376374872014,-2144.474077259877,-258.8619006983368,62.14768591355788,0.0,61.550753623330166,1068.03862547275,-627.7522164340742,-279.6125039348774,61.47688152705254,0.0,257.7755727653406,0.0
20,4,-2925.6949407063794,-2114.8681563498735,-258.8619006983368,62.14768591355788,0.0,61.550753623330166,1007.9556885758313,-640.7694225910075,-279.6125039348774,61.47688152705254,0.0,257.7755727653406,0.0
20,5,-2871.052243925557,-2085.26223543987,-258.8619006983368,62.14768591355788,0.0,61.550753623330166,947.8727516789122,-653.7866287479408,-279.6125039348774,61.47688152705254,0.0,257.7755727653406,0.0
20,6,-2816.409547144735,-2055.656314529867,-258.8619006983368,62.14768591355788,0.0,61.550753623330166,887.7898147819933,-666.8038349048741,-279.6125039348774,61.47688152705254,0.0,257.7755727653406,0.0
20,7,-2761.766850363913,-2026.0503936198634,-258.8619006983368,62.14768591355788,0.0,61.550753623330166,827.7068778850742,-679.8210410618074,-279.6125039348774,61.47688152705254,0.0,257.7755727653406,0.0
20,8,-2707.1241535830904,-1996.44447270986,-258.8619006983368,62.14768591355788,0.0,61.550753623330166,767.623940988155,-692.8382472187407,-279.6125039348774,61.47688152705254,0.0,257.7755727653406,0.0
20,9,-2652.4814568022684,-1966.8385517998565,-258.8619006983368,62.14768591355788,0.0,61.550753623330166,707.5410040912361,-705.855453375674,-279.6125039348774,61.47688152705254,0.0,257.7755727653406,0.0
20,10,-2597.8387600214464,-1937.2326308898532,-258.8619006983368,62.14768591355788,0.0,61.550753623330166,647.458067194317,-718.8726595326073,-279.6125039348774,61.47688152705254,0.0,257.7755727653406,0.0
20,11,-2543.1960632406244,-1907.6267099798497,-258.8619006983368,62.14768591355788,0.0,61.550753623330166,587.3751302973981,-731.8898656895404,-279.6125039348774,61.47688152705254,0.0,257.7755727653406,0.0
20,12,-2488.5533664598024,-1878.0207890698466,-258.8619006983368,62.14768591355788,0.0,61.550753623330166,527.2921934004792,-744.9070718464739,-279.6125039348774,61.47688152705254,0.0,257.7755727653406,0.0
20,13,-2433.9106696789804,-1848.414868159843,-258.8619006983368,62.14768591355788,0.0,61.550753623330166,467.20925650356,-757.924278003407,-279.6125039348774,61.47688152705254,0.0,257.7755727653406,0.0
20,14,-2379.2679728981584,-1818.8089472498398,-258.8619006983368,62.14768591355788,0.0,61.550753623330166,407.1263196066411,-770.9414841603403,-279.6125039348774,61.47688152705254,0.0,257.7755727653406,0.0
20,15,-2324.625276117336,-1789.2030263398365,-258.8619006983368,62.14768591355788,0.0,61.550753623330166,347.043382709722,-783.9586903172736,-279.6125039348774,61.47688152705254,0.0,257.7755727653406,0.0
20,16,-2269.982579336514,-1759.597105429833,-258.8619006983368,62.14768591355788,0.0,61.550753623330166,286.9604458128031,-796.975896474207,-279.6125039348774,61.47688152705254,0.0,257.7755727653406,0.0
20,17,-2215.339882555692,-1729.9911845198299,-258.8619006983368,62.14768591355788,0.0,61.550753623330166,226.87750891588416,-809.9931026311401,-279.6125039348774,61.47688152705254,0.0,257.7755727653406,0.0
20,18,-2160.6971857748695,-1700.3852636098263,-258.8619006983368,62.14768591355788,0.0,61.550753623330166,166.79457201896503,-823.0103087880734,-279.6125039348774,61.47688152705254,0.0,257.7755727653406,0.0
20,19,-2106.0544889940475,-1670.779342699823,-258.8619006983368,62.14768591355788,0.0,61.550753623330166,106.71163512204612,-836.0275149450067,-279.6125039348774,61.47688152705254,0.0,257.7755727653406,0.0
20,20,-2051.4117922132255,-1641.1734217898197,-258.8619006983368,62.14768591355788,0.0,61.550753623330166,46.62869822512698,-849.04472110194,-279.6125039348774,61.47688152705254,0.0,257.7755727653406,0.0
20,21,-1996.7690954324034,-1611.5675008798162,-258.8619006983368,62.14768591355788,0.0,61.550753623330166,-13.45423867179204,-862.0619272588733,-279.6125039348774,61.47688152705254,0.0,257.7755727653406,0.0
20,22,-1942.1263986515812,-1581.9615799698129,-258.8619006983368,62.14768591355788,0.0,61.550753623330166,-73.53717556871095,-875.0791334158066,-279.6125039348774,61.47688152705254,0.0,257.7755727653406,0.0
20,23,-1887.4837018707592,-1552.3556590598096,-258.8619006983368,62.14768591355788,0.0,61.550753623330166,-133.6201124656301,-888.0963395727399,-279.6125039348774,61.47688152705254,0.0,257.7755727653406,0.0
20,24,-1832.841005089937,-1522.749738149806,-258.8619006983368,62.14768591355788,0.0,61.550753623330166,-193.7030493625491,-901.1135457296732,-279.6125039348774,61.47688152705254,0.0,257.7755727653406,0.0
20,25,-1778.198308309115,-1493.1438172398027,-258.8619006983368,62.14768591355788,0.0,61.550753623330166,-253.78598625946802,-914.1307518866064,-279.6125039348774,61.47688152705254,0.0,257.7755727653406,0.0
20,26,-1723.555611528293,-1463.5378963297994,-258.8619006983368,62.14768591355788,0.0,61.550753623330166,-313.86892315638704,-927.1479580435398,-279.6125039348774,61.47688152705254,0.0,257.7755727653406,0.0
20,27,-1668.9129147474707,-1433.9319754197961,-258.8619006983368,62.14768591355788,0.0,61.550753623330166,-373.9518600533062,-940.165164200473,-279.6125039348774,61.47688152705254,0.0,257.7755727653406,0.0
20,28,-1614.2702179666487,-1404.3260545097928,-258.8619006983368,62.14768591355788,0.0,61.550753623330166,-434.0347969502251,-953.1823703574063,-279.6125039348774,61.47688152705254,0.0,257.7755727653406,0.0
20,29,-1559.6275211858265,-1374.7201335997893,-258.8619006983368,62.14768591355788,0.0,61.550753623330166,-494.1177338471441,-966.1995765143396,-279.6125039348774,61.47688152705254,0.0,257.7755727653406,0.0
20,30,-1504.9848244050045,-1345.114212689786,-258.8619006983368,62.14768591355788,0.0,61.550753623330166,-554.2006707440631,-979.2167826712729,-279.6125039348774,61.47688152705254,0.0,257.7755727653406,0.0
20,31,-1450.3421276241825,-1315.5082917797827,-258.8619006983368,62.14768591355788,0.0,61.550753623330166,-614.2836076409822,-992.2339888282062,-279.6125039348774,61.47688152705254,0.0,257.7755727653406,0.0
20,32,-1395.6994308433602,-1285.9023708697794,-258.8619006983368,62.14768591355788,0.0,61.550753623330166,-674.3665445379011,-1005.2511949851395,-279.6125039348774,61.47688152705254,0.0,257.7755727653406,0.0
20,33,-1341.056734062538,-1256.2964499597758,-258.8619006983368,62.14768591355788,0.0,61.550753623330166,-734.4494814348202,-1018.2684011420728,-279.6125039348774,61.47688152705254,0.0,257.7755727653406,0.0
20,34,-1286.414037281716,-1226.6905290497725,-258.8619006983368,62.14768591355788,0.0,61.550753623330166,-794.5324183317391,-1031.285607299006,-279.6125039348774,61.47688152705254,0.0,257.7755727653406,0.0
20,35,-1231.771340500894,-1197.0846081397692,-258.8619006983368,62.14768591355788,0.0,61.550753623330166,-854.6153552286581,-1044.3028134559393,-279.6125039348774,61.47688152705254,0.0,257.7755727653406,0.0
20,36,-1177.1286437200718,-1167.478687229766,-258.8619006983368,62.14768591355788,0.0,61.550753623330166,-914.6982921255772,-1057.3200196128726,-279.6125039348774,61.47688152705254,0.0,257.7755727653406,0.0
20,37,-1122.4859469392497,-1137.8727663197624,-258.8619006983368,62.14768591355788,0.0,61.550753623330166,-974.7812290224962,-1070.3372257698059,-279.6125039348774,61.47688152705254,0.0,257.7755727653406,0.0
20,38,-1067.8432501584275,-1108.266845409759,-258.8619006983368,62.14768591355788,0.0,61.550753623330166,-1034.8641659194152,-1083.3544319267392,-279.6125039348774,61.47688152705254,0.0,257.7755727653406,0.0
20,39,-1013.2005533776055,-1078.6609244997558,-258.8619006983368,62.14768591355788,0.0,61.550753623330166,-1094.947102816334,-1096.3716380836725,-279.6125039348774,61.47688152705254,0.0,257.7755727653406,0.0
20,40,-958.5578565967834,-1049.0550035897525,-258.8619006983368,62.14768591355788,0.0,61.550753623330166,-1155.0300397132532,-1109.3888442406057,-279.6125039348774,61.47688152705254,0.0,257.7755727653406,0.0
20,41,-903.9151598159613,-1019.449082679749,-258.8619006983368,62.14768591355788,0.0,61.550753623330166,-1215.1129766101722,-1122.406050397539,-279.6125039348774,61.47688152705254,0.0,257.7755727653406,0.0
20,42,-849.2724630351393,-989.8431617697457,-258.8619006983368,62.14768591355788,0.0,61.550753623330166,-1275.1959135070913,-1135.4232565544723,-279.6125039348774,61.47688152705254,0.0,257.7755727653406,0.0
20,43,-794.629766254317,-960.2372408597423,-258.8619006983368,62.14768591355788,0.0,61.550753623330166,-1335.2788504040102,-1148.4404627114054,-279.6125039348774,61.47688152705254,0.0,257.7755727653406,0.0
20,44,-739.987069473495,-930.631319949739,-258.8619006983368,62.14768591355788,0.0,61.550753623330166,-1395.3617873009293,-1161.4576688683387,-279.6125039348774,61.47688152705254,0.0,257.7755727653406,0.0
20,45,-685.3443726926729,-901.0253990397356,-258.8619006983368,62.14768591355788,0.0,61.550753623330166,-1455.4447241978482,-1174.474875025272,-279.6125039348774,61.47688152705254,0.0,257.7755727653406,0.0
20,46,-630.7016759118508,-871.4194781297323,-258.8619006983368,62.14768591355788,0.0,61.550753623330166,-1515.5276610947674,-1187.4920811822053,-279.6125039348774,61.47688152705254,0.0,257.7755727653406,0.0
20,47,-576.0589791310287,-841.8135572197289,-258.8619006983368,62.14768591355788,0.0,61.550753623330166,-1575.6105979916863,-1200.5092873391386,-279.6125039348774,61.47688152705254,0.0,257.7755727653406,0.0
20,48,-521.4162823502065,-812.2076363097256,-258.8619006983368,62.14768591355788,0.0,61.550753623330166,-1635.6935348886054,-1213.526493496072,-279.6125039348774,61.47688152705254,0.0,257.7755727653406,0.0
20,49,-466.7735855693844,-782.6017153997221,-258.8619006983368,62.14768591355788,0.0,61.550753623330166,-1695.7764717855243,-1226.5436996530052,-279.6125039348774,61.47688152705254,0.0,257.7755727653406,0.0
21,0,2447.814942786729,-884.4235561396056,-67.0213601055695,65.43683498602724,0.0,81.00332774779815,7535.841162023351,-1179.855791043889,-58.539002984866386,68.70360750466355,0.0,285.13698687753754,0.0
21,1,2512.4467361808092,-874.1907336720062,-67.0213601055695,65.43683498602724,0.0,81.00332774779815,7469.5212768215115,-1161.9153754698395,-58.539002984866386,68.70360750466355,0.0,285.13698687753754,0.0
21,2,2577.07852957489,-863.9579112044067,-67.0213601055695,65.43683498602724,0.0,81.00332774779815,7403.201391619671,-1143.9749598957906,-58.539002984866386,68.70360750466355,0.0,285.13698687753754,0.0
21,3,2641.710322968971,-853.7250887368073,-67.0213601055695,65.43683498602724,0.0,81.00332774779815,7336.881506417831,-1126.0345443217416,-58.539002984866386,68.70360750466355,0.0,285.13698687753754,0.0
21,4,2706.342116363052,-843.492266269208,-67.0213601055695,65.43683498602724,0.0,81.00332774779815,7270.561621215991,-1108.0941287476921,-58.539002984866386,68.70360750466355,0.0,285.13698687753754,0.0
21,5,2770.973909757133,-833.2594438016085,-67.0213601055695,65.43683498602724,0.0,81.00332774779815,7204.24173601415,-1090.1537131736432,-58.539002984866386,68.70360750466355,0.0,285.13698687753754,0.0
21,6,2835.605703151213,-823.0266213340092,-67.0213601055695,65.43683498602724,0.0,81.00332774779815,7137.92185081231,-1072.2132975995937,-58.539002984866386,68.70360750466355,0.0,285.13698687753754,0.0
21,7,2900.237496545294,-812.7937988664098,-67.0213601055695,65.43683498602724,0.0,81.00332774779815,7071.601965610469,-1054.2728820255447,-58.539002984866386,68.70360750466355,0.0,285.13698687753754,0.0
21,8,2964.869289939375,-802.5609763988105,-67.0213601055695,65.43683498602724,0.0,81.00332774779815,7005.28208040863,-1036.3324664514955,-58.539002984866386,68.70360750466355,0.0,285.13698687753754,0.0
21,9,3029.501083333456,-792.3281539312111,-67.0213601055695,65.43683498602724,0.0,81.00332774779815,6938.962195206789,-1018.3920508774463,-58.539002984866386,68.70360750466355,0.0,285.13698687753754,0.0
21,10,3094.1328767275368,-782.0953314636116,-67.0213601055695,65.43683498602724,0.0,81.00332774779815,6872.642310004949,-1000.451635303397,-58.539002984866386,68.70360750466355,0.0,285.13698687753754,0.0
21,11,3158.7646701216177,-771.8625089960123,-67.0213601055695,65.43683498602724,0.0,81.00332774779815,6806.322424803108,-982.5112197293479,-58.539002984866386,68.70360750466355,0.0,285.13698687753754,0.0
21,12,3223.3964635156985,-761.6296865284129,-67.0213601055695,65.43683498602724,0.0,81.00332774779815,6740.002539601268,-964.5708041552987,-58.539002984866386,68.70360750466355,0.0,285.13698687753754,0.0
21,13,3288.0282569097794,-751.3968640608134,-67.0213601055695,65.43683498602724,0.0,81.00332774779815,6673.682654399428,-946.6303885812495,-58.539002984866386,68.70360750466355,0.0,285.13698687753754,0.0
21,14,3352.6600503038603,-741.164041593214,-67.0213601055695,65.43683498602724,0.0,81.00332774779815,6607.362769197587,-928.6899730072003,-58.539002984866386,68.70360750466355,0.0,285.13698687753754,0.0
21,15,3417.2918436979407,-730.9312191256147,-67.0213601055695,65.43683498602724,0.0,81.00332774779815,6541.042883995748,-910.749557433151,-58.539002984866386,68.70360750466355,0.0,285.13698687753754,0.0
21,16,3481.9236370920216,-720.6983966580153,-67.0213601055695,65.43683498602724,0.0,81.00332774779815,6474.722998793907,-892.8091418591018,-58.539002984866386,68.70360750466355,0.0,285.13698687753754,0.0
21,17,3546.5554304861025,-710.465574190416,-67.0213601055695,65.43683498602724,0.0,81.00332774779815,6408.403113592067,-874.8687262850528,-58.539002984866386,68.70360750466355,0.0,285.13698687753754,0.0
21,18,3611.1872238801834,-700.2327517228165,-67.0213601055695,65.43683498602724,0.0,81.00332774779815,6342.083228390226,-856.9283107110035,-58.539002984866386,68.70360750466355,0.0,285.13698687753754,0.0
21,19,3675.8190172742643,-689.9999292552171,-67.0213601055695,65.43683498602724,0.0,81.00332774779815,6275.763343188386,-838.9878951369542,-58.539002984866386,68.70360750466355,0.0,285.13698687753754,0.0
21,20,3740.450810668345,-679.7671067876178,-67.0213601055695,65.43683498602724,0.0,81.00332774779815,6209.443457986546,-821.0474795629052,-58.539002984866386,68.70360750466355,0.0,285.13698687753754,0.0
21,21,3805.082604062426,-669.5342843200183,-67.0213601055695,65.43683498602724,0.0,81.00332774779815,6143.123572784705,-803.1070639888559,-58.539002984866386,68.70360750466355,0.0,285.13698687753754,0.0
21,22,3869.714397456507,-659.3014618524189,-67.0213601055695,65.43683498602724,0.0,81.00332774779815,6076.803687582866,-785.1666484148066,-58.539002984866386,68.70360750466355,0.0,285.13698687753754,0.0
21,23,3934.346190850588,-649.0686393848196,-67.0213601055695,65.43683498602724,0.0,81.00332774779815,6010.483802381024,-767.2262328407576,-58.539002984866386,68.70360750466355,0.0,285.13698687753754,0.0
21,24,3998.9779842446687,-638.8358169172202,-67.0213601055695,65.43683498602724,0.0,81.00332774779815,5944.163917179184,-749.2858172667084,-58.539002984866386,68.70360750466355,0.0,285.13698687753754,0.0
21,25,4063.6097776387496,-628.6029944496208,-67.0213601055695,65.43683498602724,0.0,81.00332774779815,5877.8440319773445,-731.3454016926592,-58.539002984866386,68.70360750466355,0.0,285.13698687753754,0.0
21,26,4128.2415710328305,-618.3701719820214,-67.0213601055695,65.43683498602724,0.0,81.00332774779815,5811.524146775504,-713.4049861186099,-58.539002984866386,68.70360750466355,0.0,285.13698687753754,0.0
21,27,4192.873364426911,-608.137349514422,-67.0213601055695,65.43683498602724,0.0,81.00332774779815,5745.204261573664,-695.4645705445607,-58.539002984866386,68.70360750466355,0.0,285.13698687753754,0.0
21,28,4257.505157820991,-597.9045270468226,-67.0213601055695,65.43683498602724,0.0,81.00332774779815,5678.884376371823,-677.5241549705116,-58.539002984866386,68.70360750466355,0.0,285.13698687753754,0.0
21,29,4322.136951215072,-587.6717045792232,-67.0213601055695,65.43683498602724,0.0,81.00332774779815,5612.564491169983,-659.5837393964623,-58.539002984866386,68.70360750466355,0.0,285.13698687753754,0.0
21,30,4386.768744609153,-577.4388821116238,-67.0213601055695,65.43683498602724,0.0,81.00332774779815,5546.244605968142,-641.6433238224132,-58.539002984866386,68.70360750466355,0.0,285.13698687753754,0.0
21,31,4451.400538003234,-567.2060596440244,-67.0213601055695,65.43683498602724,0.0,81.00332774779815,5479.924720766302,-623.702908248364,-58.539002984866386,68.70360750466355,0.0,285.13698687753754,0.0
21,32,4516.032331397315,-556.9732371764251,-67.0213601055695,65.43683498602724,0.0,81.00332774779815,5413.604835564462,-605.7624926743148,-58.539002984866386,68.70360750466355,0.0,285.13698687753754,0.0
21,33,4580.664124791396,-546.7404147088257,-67.0213601055695,65.43683498602724,0.0,81.00332774779815,5347.284950362622,-587.8220771002656,-58.539002984866386,68.70360750466355,0.0,285.13698687753754,0.0
21,34,4645.295918185477,-536.5075922412262,-67.0213601055695,65.43683498602724,0.0,81.00332774779815,5280.965065160782,-569.8816615262164,-58.539002984866386,68.70360750466355,0.0,285.13698687753754,0.0
21,35,4709.927711579558,-526.2747697736269,-67.0213601055695,65.43683498602724,0.0,81.00332774779815,5214.645179958941,-551.9412459521673,-58.539002984866386,68.70360750466355,0.0,285.13698687753754,0.0
21,36,4774.5595049736385,-516.0419473060275,-67.0213601055695,65.43683498602724,0.0,81.00332774779815,5148.325294757101,-534.000830378118,-58.539002984866386,68.70360750466355,0.0,285.13698687753754,0.0
21,37,4839.191298367719,-505.8091248384281,-67.0213601055695,65.43683498602724,0.0,81.00332774779815,5082.0054095552605,-516.0604148040688,-58.539002984866386,68.70360750466355,0.0,285.13698687753754,0.0
21,38,4903.8230917618,-495.57630237082867,-67.0213601055695,65.43683498602724,0.0,81.00332774779815,5015.68552435342,-498.11999923001963,-58.539002984866386,68.70360750466355,0.0,285.13698687753754,0.0
21,39,4968.454885155881,-485.3434799032293,-67.0213601055695,65.43683498602724,0.0,81.00332774779815,4949.36563915158,-480.1795836559705,-58.539002984866386,68.70360750466355,0.0,285.13698687753754,0.0
21,40,5033.086678549962,-475.11065743562995,-67.0213601055695,65.43683498602724,0.0,81.00332774779815,4883.045753949739,-462.23916808192126,-58.539002984866386,68.70360750466355,0.0,285.13698687753754,0.0
21,41,5097.718471944043,-464.8778349680305,-67.0213601055695,65.43683498602724,0.0,81.00332774779815,4816.7258687479,-444.29875250787205,-58.539002984866386,68.70360750466355,0.0,285.13698687753754,0.0
21,42,5162.350265338124,-454.6450125004311,-67.0213601055695,65.43683498602724,0.0,81.00332774779815,4750.405983546059,-426.3583369338229,-58.539002984866386,68.70360750466355,0.0,285.13698687753754,0.0
21,43,5226.982058732205,-444.41219003283175,-67.0213601055695,65.43683498602724,0.0,81.00332774779815,4684.086098344219,-408.4179213597737,-58.539002984866386,68.70360750466355,0.0,285.13698687753754,0.0
21,44,5291.613852126286,-434.1793675652324,-67.0213601055695,65.43683498602724,0.0,81.00332774779815,4617.766213142379,-390.4775057857245,-58.539002984866386,68.70360750466355,0.0,285.13698687753754,0.0
21,45,5356.245645520366,-423.94654509763296,-67.0213601055695,65.43683498602724,0.0,81.00332774779815,4551.446327940538,-372.5370902116753,-58.539002984866386,68.70360750466355,0.0,285.13698687753754,0.0
21,46,5420.877438914447,-413.71372263003354,-67.0213601055695,65.43683498602724,0.0,81.00332774779815,4485.126442738698,-354.59667463762617,-58.539002984866386,68.70360750466355,0.0,285.13698687753754,0.0
21,47,5485.509232308528,-403.4809001624342,-67.0213601055695,65.43683498602724,0.0,81.00332774779815,4418.806557536857,-336.65625906357695,-58.539002984866386,68.70360750466355,0.0,285.13698687753754,0.0
21,48,5550.141025702609,-393.2480776948348,-67.0213601055695,65.43683498602724,0.0,81.00332774779815,4352.486672335017,-318.71584348952774,-58.539002984866386,68.70360750466355,0.0,285.13698687753754,0.0
21,49,5614.77281909669,-383.0152552272354,-67.0213601055695,65.43683498602724,0.0,81.00332774779815,4286.1667871331765,-300.77542791547853,-58.539002984866386,68.70360750466355,0.0,285.13698687753754,0.0
22,0,2324.055350639567,4557.758152987734,-359.97520052531263,64.22211828574562,0.0,147.6989472655739,5717.357787210751,688.0489823859418,-380.88689665522804,69.92940377664497,0.0,310.4612064999874,0.0
22,1,2358.373587828788,4503.474278095344,-359.97520052531263,64.22211828574562,0.0,147.6989472655739,5664.152313920864,733.428483535208,-380.88689665522804,69.92940377664497,0.0,310.4612064999874,0.0
22,2,2392.6918250180092,4449.190403202954,-359.97520052531263,64.22211828574562,0.0,147.6989472655739,5610.946840630978,778.8079846844739,-380.88689665522804,69.92940377664497,0.0,310.4612064999874,0.0
22,3,2427.0100622072305,4394.906528310564,-359.97520052531263,64.22211828574562,0.0,147.6989472655739,5557.741367341091,824.1874858337399,-380.88689665522804,69.92940377664497,0.0,310.4612064999874,0.0
22,4,2461.3282993964513,4340.622653418173,-359.97520052531263,64.22211828574562,0.0,147.6989472655739,5504.535894051205,869.5669869830056,-380.88689665522804,69.92940377664497,0.0,310.4612064999874,0.0
22,5,2495.646536585672,4286.338778525783,-359.97520052531263,64.22211828574562,0.0,147.6989472655739,5451.330420761318,914.9464881322715,-380.88689665522804,69.92940377664497,0.0,310.4612064999874,0.0
22,6,2529.964773774893,4232.054903633392,-359.97520052531263,64.22211828574562,0.0,147.6989472655739,5398.124947471432,960.3259892815377,-380.88689665522804,69.92940377664497,0.0,310.4612064999874,0.0
22,7,2564.283010964114,4177.771028741003,-359.97520052531263,64.22211828574562,0.0,147.6989472655739,5344.919474181546,1005.7054904308036,-380.88689665522804,69.92940377664497,0.0,310.4612064999874,0.0
22,8,2598.6012481533353,4123.487153848612,-359.97520052531263,64.22211828574562,0.0,147.6989472655739,5291.714000891659,1051.0849915800695,-380.88689665522804,69.92940377664497,0.0,310.4612064999874,0.0
22,9,2632.919485342556,4069.2032789562218,-359.97520052531263,64.22211828574562,0.0,147.6989472655739,5238.508527601773,1096.4644927293355,-380.88689665522804,69.92940377664497,0.0,310.4612064999874,0.0
22,10,2667.237722531777,4014.9194040638317,-359.97520052531263,64.22211828574562,0.0,147.6989472655739,5185.303054311887,1141.8439938786014,-380.88689665522804,69.92940377664497,0.0,310.4612064999874,0.0
22,11,2701.555959720998,3960.6355291714417,-359.97520052531263,64.22211828574562,0.0,147.6989472655739,5132.097581022001,1187.2234950278676,-380.88689665522804,69.92940377664497,0.0,310.4612064999874,0.0
22,12,2735.874196910219,3906.351654279051,-359.97520052531263,64.22211828574562,0.0,147.6989472655739,5078.892107732114,1232.6029961771333,-380.88689665522804,69.92940377664497,0.0,310.4612064999874,0.0
22,13,2770.19243409944,3852.067779386661,-359.97520052531263,64.22211828574562,0.0,147.6989472655739,5025.686634442227,1277.9824973263992,-380.88689665522804,69.92940377664497,0.0,310.4612064999874,0.0
22,14,2804.510671288661,3797.783904494271,-359.97520052531263,64.22211828574562,0.0,147.6989472655739,4972.481161152341,1323.3619984756654,-380.88689665522804,69.92940377664497,0.0,310.4612064999874,0.0
22,15,2838.8289084778817,3743.5000296018807,-359.97520052531263,64.22211828574562,0.0,147.6989472655739,4919.275687862454,1368.7414996249313,-380.88689665522804,69.92940377664497,0.0,310.4612064999874,0.0
22,16,2873.147145667103,3689.2161547094906,-359.97520052531263,64.22211828574562,0.0,147.6989472655739,4866.070214572568,1414.1210007741972,-380.88689665522804,69.92940377664497,0.0,310.4612064999874,0.0
22,17,2907.4653828563237,3634.9322798171006,-359.97520052531263,64.22211828574562,0.0,147.6989472655739,4812.864741282681,1459.5005019234632,-380.88689665522804,69.92940377664497,0.0,310.4612064999874,0.0
22,18,2941.783620045545,3580.64840492471,-359.97520052531263,64.22211828574562,0.0,147.6989472655739,4759.659267992795,1504.880003072729,-380.88689665522804,69.92940377664497,0.0,310.4612064999874,0.0
22,19,2976.1018572347657,3526.3645300323196,-359.97520052531263,64.22211828574562,0.0,147.6989472655739,4706.453794702908,1550.259504221995,-380.88689665522804,69.92940377664497,0.0,310.4612064999874,0.0
22,20,3010.4200944239865,3472.0806551399296,-359.97520052531263,64.22211828574562,0.0,147.6989472655739,4653.2483214130225,1595.639005371261,-380.88689665522804,69.92940377664497,0.0,310.4612064999874,0.0
22,21,3044.7383316132077,3417.7967802475396,-359.97520052531263,64.22211828574562,0.0,147.6989472655739,4600.042848123136,1641.018506520527,-380.88689665522804,69.92940377664497,0.0,310.4612064999874,0.0
22,22,3079.0565688024285,3363.512905355149,-359.97520052531263,64.22211828574562,0.0,147.6989472655739,4546.83737483325,1686.3980076697928,-380.88689665522804,69.92940377664497,0.0,310.4612064999874,0.0
22,23,3113.3748059916497,3309.229030462759,-359.97520052531263,64.22211828574562,0.0,147.6989472655739,4493.631901543363,1731.7775088190588,-380.88689665522804,69.92940377664497,0.0,310.4612064999874,0.0
22,24,3147.6930431808705,3254.9451555703686,-359.97520052531263,64.22211828574562,0.0,147.6989472655739,4440.426428253477,1777.1570099683247,-380.88689665522804,69.92940377664497,0.0,310.4612064999874,0.0
22,25,3182.0112803700913,3200.6612806779785,-359.97520052531263,64.22211828574562,0.0,147.6989472655739,4387.22095496359,1822.5365111175906,-380.88689665522804,69.92940377664497,0.0,310.4612064999874,0.0
22,26,3216.3295175593125,3146.377405785588,-359.97520052531263,64.22211828574562,0.0,147.6989472655739,4334.015481673704,1867.9160122668568,-380.88689665522804,69.92940377664497,0.0,310.4612064999874,0.0
22,27,3250.6477547485333,3092.093530893198,-359.97520052531263,64.22211828574562,0.0,147.6989472655739,4280.810008383817,1913.2955134161225,-380.88689665522804,69.92940377664497,0.0,310.4612064999874,0.0
22,28,3284.9659919377546,3037.809656000808,-359.97520052531263,64.22211828574562,0.0,147.6989472655739,4227.604535093931,1958.6750145653887,-380.88689665522804,69.92940377664497,0.0,310.4612064999874,0.0
22,29,3319.2842291269753,2983.5257811084175,-359.97520052531263,64.22211828574562,0.0,147.6989472655739,4174.399061804044,2004.0545157146544,-380.88689665522804,69.92940377664497,0.0,310.4612064999874,0.0
22,30,3353.602466316196,2929.2419062160275,-359.97520052531263,64.22211828574562,0.0,147.6989472655739,4121.193588514158,2049.4340168639205,-380.88689665522804,69.92940377664497,0.0,310.4612064999874,0.0
22,31,3387.9207035054174,2874.958031323637,-359.97520052531263,64.22211828574562,0.0,147.6989472655739,4067.9881152242715,2094.8135180131862,-380.88689665522804,69.92940377664497,0.0,310.4612064999874,0.0
22,32,3422.238940694638,2820.674156431247,-359.97520052531263,64.22211828574562,0.0,147.6989472655739,4014.782641934385,2140.1930191624524,-380.88689665522804,69.92940377664497,0.0,310.4612064999874,0.0
22,33,3456.5571778838594,2766.3902815388565,-359.97520052531263,64.22211828574562,0.0,147.6989472655739,3961.5771686444987,2185.572520311718,-380.88689665522804,69.92940377664497,0.0,310.4612064999874,0.0
22,34,3490.87541507308,2712.1064066464664,-359.97520052531263,64.22211828574562,0.0,147.6989472655739,3908.3716953546123,2230.9520214609843,-380.88689665522804,69.92940377664497,0.0,310.4612064999874,0.0
22,35,3525.193652262301,2657.8225317540764,-359.97520052531263,64.22211828574562,0.0,147.6989472655739,3855.166222064726,2276.3315226102504,-380.88689665522804,69.92940377664497,0.0,310.4612064999874,0.0
22,36,3559.511889451522,2603.538656861686,-359.97520052531263,64.22211828574562,0.0,147.6989472655739,3801.9607487748394,2321.711023759516,-380.88689665522804,69.92940377664497,0.0,310.4612064999874,0.0
22,37,3593.830126640743,2549.254781969296,-359.97520052531263,64.22211828574562,0.0,147.6989472655739,3748.755275484953,2367.0905249087823,-380.88689665522804,69.92940377664497,0.0,310.4612064999874,0.0
22,38,3628.148363829964,2494.9709070769054,-359.97520052531263,64.22211828574562,0.0,147.6989472655739,3695.5498021950666,2412.470026058048,-380.88689665522804,69.92940377664497,0.0,310.4612064999874,0.0
22,39,3662.466601019185,2440.6870321845154,-359.97520052531263,64.22211828574562,0.0,147.6989472655739,3642.34432890518,2457.849527207314,-380.88689665522804,69.92940377664497,0.0,310.4612064999874,0.0
22,40,3696.7848382084057,2386.4031572921253,-359.97520052531263,64.22211828574562,0.0,147.6989472655739,3589.138855615294,2503.22902835658,-380.88689665522804,69.92940377664497,0.0,310.4612064999874,0.0
22,41,3731.103075397627,2332.119282399735,-359.97520052531263,64.22211828574562,0.0,147.6989472655739,3535.9333823254074,2548.608529505846,-380.88689665522804,69.92940377664497,0.0,310.4612064999874,0.0
22,42,3765.4213125868478,2277.835407507345,-359.97520052531263,64.22211828574562,0.0,147.6989472655739,3482.727909035521,2593.9880306551117,-380.88689665522804,69.92940377664497,0.0,310.4612064999874,0.0
22,43,3799.739549776069,2223.5515326149543,-359.97520052531263,64.22211828574562,0.0,147.6989472655739,3429.5224357456345,2639.367531804378,-380.88689665522804,69.92940377664497,0.0,310.4612064999874,0.0
22,44,3834.05778696529,2169.2676577225643,-359.97520052531263,64.22211828574562,0.0,147.6989472655739,3376.316962455748,2684.7470329536436,-380.88689665522804,69.92940377664497,0.0,310.4612064999874,0.0
22,45,3868.3760241545106,2114.9837828301743,-359.97520052531263,64.22211828574562,0.0,147.6989472655739,3323.1114891658617,2730.12653410291,-380.88689665522804,69.92940377664497,0.0,310.4612064999874,0.0
22,46,3902.694261343732,2060.699907937784,-359.97520052531263,64.22211828574562,0.0,147.6989472655739,3269.9060158759753,2775.506035252176,-380.88689665522804,69.92940377664497,0.0,310.4612064999874,0.0
22,47,3937.0124985329526,2006.4160330453935,-359.97520052531263,64.22211828574562,0.0,147.6989472655739,3216.700542586089,2820.8855364014416,-380.88689665522804,69.92940377664497,0.0,310.4612064999874,0.0
22,48,3971.330735722174,1952.1321581530033,-359.97520052531263,64.22211828574562,0.0,147.6989472655739,3163.4950692962025,2866.2650375507073,-380.88689665522804,69.92940377664497,0.0,310.4612064999874,0.0
22,49,4005.6489729113946,1897.8482832606132,-359.97520052531263,64.22211828574562,0.0,147.6989472655739,3110.289596006316,2911.6445386999735,-380.88689665522804,69.92940377664497,0.0,310.4612064999874,0.0
23,0,4977.742043685909,-722.5726809144585,-481.9629485387935,67.16934777782947,0.0,301.47813364694537,2587.767877284155,3083.335222568723,-492.8341688635703,63.15409052821861,0.0,536.3418427976278,0.0
23,1,4920.457370138565,-687.4986526674329,-481.9629485387935,67.16934777782947,0.0,301.47813364694537,2591.797330482368,3020.309809778565,-492.8341688635703,63.15409052821861,0.0,536.3418427976278,0.0
23,2,4863.17269659122,-652.4246244204071,-481.9629485387935,67.16934777782947,0.0,301.47813364694537,2595.8267836805812,2957.2843969884066,-492.8341688635703,63.15409052821861,0.0,536.3418427976278,0.0
23,3,4805.888023043875,-617.3505961733815,-481.9629485387935,67.16934777782947,0.0,301.47813364694537,2599.856236878795,2894.258984198248,-492.8341688635703,63.15409052821861,0.0,536.3418427976278,0.0
23,4,4748.60334949653,-582.2765679263557,-481.9629485387935,67.16934777782947,0.0,301.47813364694537,2603.885690077008,2831.23357140809,-492.8341688635703,63.15409052821861,0.0,536.3418427976278,0.0
23,5,4691.318675949186,-547.2025396793301,-481.9629485387935,67.16934777782947,0.0,301.47813364694537,2607.915143275221,2768.208158617932,-492.8341688635703,63.15409052821861,0.0,536.3418427976278,0.0
23,6,4634.0340024018415,-512.1285114323043,-481.9629485387935,67.16934777782947,0.0,301.47813364694537,2611.9445964734346,2705.1827458277735,-492.8341688635703,63.15409052821861,0.0,536.3418427976278,0.0
23,7,4576.749328854497,-477.0544831852785,-481.9629485387935,67.16934777782947,0.0,301.47813364694537,2615.9740496716477,2642.1573330376154,-492.8341688635703,63.15409052821861,0.0,536.3418427976278,0.0
23,8,4519.4646553071525,-441.98045493825293,-481.9629485387935,67.16934777782947,0.0,301.47813364694537,2620.0035028698608,2579.131920247457,-492.8341688635703,63.15409052821861,0.0,536.3418427976278,0.0
23,9,4462.179981759808,-406.9064266912271,-481.9629485387935,67.16934777782947,0.0,301.47813364694537,2624.032956068074,2516.106507457299,-492.8341688635703,63.15409052821861,0.0,536.3418427976278,0.0
23,10,4404.895308212463,-371.83239844420143,-481.9629485387935,67.16934777782947,0.0,301.47813364694537,2628.0624092662874,2453.081094667141,-492.8341688635703,63.15409052821861,0.0,536.3418427976278,0.0
23,11,4347.610634665119,-336.75837019717574,-481.9629485387935,67.16934777782947,0.0,301.47813364694537,2632.0918624645005,2390.0556818769824,-492.8341688635703,63.15409052821861,0.0,536.3418427976278,0.0
23,12,4290.325961117774,-301.6843419501499,-481.9629485387935,67.16934777782947,0.0,301.47813364694537,2636.1213156627136,2327.030269086824,-492.8341688635703,63.15409052821861,0.0,536.3418427976278,0.0
23,13,4233.041287570429,-266.61031370312423,-481.9629485387935,67.16934777782947,0.0,301.47813364694537,2640.1507688609267,2264.004856296666,-492.8341688635703,63.15409052821861,0.0,536.3418427976278,0.0
23,14,4175.756614023085,-231.53628545609854,-481.9629485387935,67.16934777782947,0.0,301.47813364694537,2644.1802220591403,2200.979443506508,-492.8341688635703,63.15409052821861,0.0,536.3418427976278,0.0
23,15,4118.47194047574,-196.46225720907285,-481.9629485387935,67.16934777782947,0.0,301.47813364694537,2648.2096752573534,2137.9540307163497,-492.8341688635703,63.15409052821861,0.0,536.3418427976278,0.0
23,16,4061.1872669283953,-161.38822896204715,-481.9629485387935,67.16934777782947,0.0,301.47813364694537,2652.239128455567,2074.9286179261917,-492.8341688635703,63.15409052821861,0.0,536.3418427976278,0.0
23,17,4003.902593381051,-126.31420071502134,-481.9629485387935,67.16934777782947,0.0,301.47813364694537,2656.26858165378,2011.9032051360332,-492.8341688635703,63.15409052821861,0.0,536.3418427976278,0.0
23,18,3946.617919833706,-91.24017246799565,-481.9629485387935,67.16934777782947,0.0,301.47813364694537,2660.298034851993,1948.877792345875,-492.8341688635703,63.15409052821861,0.0,536.3418427976278,0.0
23,19,3889.333246286361,-56.16614422096984,-481.9629485387935,67.16934777782947,0.0,301.47813364694537,2664.3274880502067,1885.8523795557169,-492.8341688635703,63.15409052821861,0.0,536.3418427976278,0.0
23,20,3832.048572739017,-21.092115973944146,-481.9629485387935,67.16934777782947,0.0,301.47813364694537,2668.35694124842,1822.8269667655584,-492.8341688635703,63.15409052821861,0.0,536.3418427976278,0.0
23,21,3774.763899191672,13.981912273081548,-481.9629485387935,67.16934777782947,0.0,301.47813364694537,2672.386394446633,1759.8015539754003,-492.8341688635703,63.15409052821861,0.0,536.3418427976278,0.0
23,22,3717.4792256443275,49.05594052010724,-481.9629485387935,67.16934777782947,0.0,301.47813364694537,2676.4158476448465,1696.776141185242,-492.8341688635703,63.15409052821861,0.0,536.3418427976278,0.0
23,23,3660.194552096983,84.12996876713305,-481.9629485387935,67.16934777782947,0.0,301.47813364694537,2680.4453008430596,1633.7507283950838,-492.8341688635703,63.15409052821861,0.0,536.3418427976278,0.0
23,24,3602.909878549638,119.20399701415874,-481.9629485387935,67.16934777782947,0.0,301.47813364694537,2684.4747540412727,1570.7253156049255,-492.8341688635703,63.15409052821861,0.0,536.3418427976278,0.0
23,25,3545.6252050022936,154.27802526118444,-481.9629485387935,67.16934777782947,0.0,301.47813364694537,2688.5042072394863,1507.6999028147673,-492.8341688635703,63.15409052821861,0.0,536.3418427976278,0.0
23,26,3488.3405314549486,189.3520535082102,-481.9629485387935,67.16934777782947,0.0,301.47813364694537,2692.5336604376994,1444.674490024609,-492.8341688635703,63.15409052821861,0.0,536.3418427976278,0.0
23,27,3431.055857907604,224.42608175523588,-481.9629485387935,67.16934777782947,0.0,301.47813364694537,2696.5631136359125,1381.6490772344507,-492.8341688635703,63.15409052821861,0.0,536.3418427976278,0.0
23,28,3373.7711843602597,259.50011000226164,-481.9629485387935,67.16934777782947,0.0,301.47813364694537,2700.592566834126,1318.6236644442924,-492.8341688635703,63.15409052821861,0.0,536.3418427976278,0.0
23,29,3316.4865108129147,294.5741382492874,-481.9629485387935,67.16934777782947,0.0,301.47813364694537,2704.622020032339,1255.5982516541344,-492.8341688635703,63.15409052821861,0.0,536.3418427976278,0.0
23,30,3259.2018372655702,329.6481664963131,-481.9629485387935,67.16934777782947,0.0,301.47813364694537,2708.6514732305523,1192.572838863976,-492.8341688635703,63.15409052821861,0.0,536.3418427976278,0.0
23,31,3201.9171637182258,364.72219474333883,-481.9629485387935,67.16934777782947,0.0,301.47813364694537,2712.680926428766,1129.5474260738179,-492.8341688635703,63.15409052821861,0.0,536.3418427976278,0.0
23,32,3144.632490170881,399.7962229903645,-481.9629485387935,67.16934777782947,0.0,301.47813364694537,2716.710379626979,1066.5220132836596,-492.8341688635703,63.15409052821861,0.0,536.3418427976278,0.0
23,33,3087.3478166235363,434.8702512373902,-481.9629485387935,67.16934777782947,0.0,301.47813364694537,2720.739832825192,1003.4966004935013,-492.8341688635703,63.15409052821861,0.0,536.3418427976278,0.0
23,34,3030.063143076192,469.94427948441603,-481.9629485387935,67.16934777782947,0.0,301.47813364694537,2724.7692860234056,940.4711877033432,-492.8341688635703,63.15409052821861,0.0,536.3418427976278,0.0
23,35,2972.778469528847,505.0183077314417,-481.9629485387935,67.16934777782947,0.0,301.47813364694537,2728.7987392216187,877.4457749131849,-492.8341688635703,63.15409052821861,0.0,536.3418427976278,0.0
23,36,2915.4937959815024,540.0923359784674,-481.9629485387935,67.16934777782947,0.0,301.47813364694537,2732.828192419832,814.4203621230266,-492.8341688635703,63.15409052821861,0.0,536.3418427976278,0.0
23,37,2858.209122434158,575.1663642254932,-481.9629485387935,67.16934777782947,0.0,301.47813364694537,2736.8576456180454,751.3949493328685,-492.8341688635703,63.15409052821861,0.0,536.3418427976278,0.0
23,38,2800.924448886813,610.2403924725189,-481.9629485387935,67.16934777782947,0.0,301.47813364694537,2740.8870988162585,688.3695365427102,-492.8341688635703,63.15409052821861,0.0,536.3418427976278,0.0
23,39,2743.6397753394685,645.3144207195446,-481.9629485387935,67.16934777782947,0.0,301.47813364694537,2744.9165520144716,625.3441237525519,-492.8341688635703,63.15409052821861,0.0,536.3418427976278,0.0
23,40,2686.355101792124,680.3884489665703,-481.9629485387935,67.16934777782947,0.0,301.47813364694537,2748.946005212685,562.3187109623938,-492.8341688635703,63.15409052821861,0.0,536.3418427976278,0.0
23,41,2629.070428244779,715.462477213596,-481.9629485387935,67.16934777782947,0.0,301.47813364694537,2752.975458410898,499.2932981722355,-492.8341688635703,63.15409052821861,0.0,536.3418427976278,0.0
23,42,2571.7857546974346,750.5365054606218,-481.9629485387935,67.16934777782947,0.0,301.47813364694537,2757.0049116091113,436.2678853820773,-492.8341688635703,63.15409052821861,0.0,536.3418427976278,0.0
23,43,2514.50108115009,785.6105337076475,-481.9629485387935,67.16934777782947,0.0,301.47813364694537,2761.034364807325,373.242472591919,-492.8341688635703,63.15409052821861,0.0,536.3418427976278,0.0
23,44,2457.216407602745,820.6845619546732,-481.9629485387935,67.16934777782947,0.0,301.47813364694537,2765.063818005538,310.2170598017608,-492.8341688635703,63.15409052821861,0.0,536.3418427976278,0.0
23,45,2399.9317340554007,855.758590201699,-481.9629485387935,67.16934777782947,0.0,301.47813364694537,2769.093271203751,247.19164701160264,-492.8341688635703,63.15409052821861,0.0,536.3418427976278,0.0
23,46,2342.6470605080563,890.8326184487247,-481.9629485387935,67.16934777782947,0.0,301.47813364694537,2773.122724401964,184.16623422144437,-492.8341688635703,63.15409052821861,0.0,536.3418427976278,0.0
23,47,2285.3623869607113,925.9066466957504,-481.9629485387935,67.16934777782947,0.0,301.47813364694537,2777.1521776001778,121.1408214312861,-492.8341688635703,63.15409052821861,0.0,536.3418427976278,0.0
23,48,2228.077713413367,960.9806749427762,-481.9629485387935,67.16934777782947,0.0,301.47813364694537,2781.181630798391,58.11540864112783,-492.8341688635703,63.15409052821861,0.0,536.3418427976278,0.0
23,49,2170.7930398660224,996.0547031898018,-481.9629485387935,67.16934777782947,0.0,301.47813364694537,2785.211083996604,-4.910004149030442,-492.8341688635703,63.15409052821861,0.0,536.3418427976278,0.0
24,0,-4482.9910155568095,3810.5439886037066,-67.11575323315009,63.6594993181741,0.0,135.34072188278014,-545.4716837076558,1126.0389656651791,-87.9796571143818,61.11365563175776,0.0,292.7317914416943,0.0
24,1,-4438.245432222082,3765.2630364772813,-67.11575323315009,63.6594993181741,0.0,135.34072188278014,-601.8382641200319,1149.6543741370278,-87.9796571143818,61.11365563175776,0.0,292.7317914416943,0.0
24,2,-4393.499848887356,3719.982084350856,-67.11575323315009,63.6594993181741,0.0,135.34072188278014,-658.2048445324072,1173.269782608876,-87.9796571143818,61.11365563175776,0.0,292.7317914416943,0.0
24,3,-4348.7542655526295,3674.70113222443,-67.11575323315009,63.6594993181741,0.0,135.34072188278014,-714.5714249447831,1196.8851910807248,-87.9796571143818,61.11365563175776,0.0,292.7317914416943,0.0
24,4,-4304.008682217903,3629.4201800980045,-67.11575323315009,63.6594993181741,0.0,135.34072188278014,-770.9380053571588,1220.5005995525735,-87.9796571143818,61.11365563175776,0.0,292.7317914416943,0.0
24,5,-4259.263098883176,3584.139227971579,-67.11575323315009,63.6594993181741,0.0,135.34072188278014,-827.3045857695347,1244.116008024422,-87.9796571143818,61.11365563175776,0.0,292.7317914416943,0.0
24,6,-4214.517515548449,3538.858275845154,-67.11575323315009,63.6594993181741,0.0,135.34072188278014,-883.6711661819104,1267.7314164962704,-87.9796571143818,61.11365563175776,0.0,292.7317914416943,0.0
24,7,-4169.771932213723,3493.577323718728,-67.11575323315009,63.6594993181741,0.0,135.34072188278014,-940.0377465942861,1291.346824968119,-87.9796571143818,61.11365563175776,0.0,292.7317914416943,0.0
24,8,-4125.026348878996,3448.2963715923024,-67.11575323315009,63.6594993181741,0.0,135.34072188278014,-996.404327006662,1314.9622334399676,-87.9796571143818,61.11365563175776,0.0,292.7317914416943,0.0
24,9,-4080.2807655442693,3403.015419465877,-67.11575323315009,63.6594993181741,0.0,135.34072188278014,-1052.7709074190377,1338.577641911816,-87.9796571143818,61.11365563175776,0.0,292.7317914416943,0.0
24,10,-4035.5351822095427,3357.734467339452,-67.11575323315009,63.6594993181741,0.0,135.34072188278014,-1109.1374878314134,1362.1930503836647,-87.9796571143818,61.11365563175776,0.0,292.7317914416943,0.0
24,11,-3990.789598874816,3312.453515213026,-67.11575323315009,63.6594993181741,0.0,135.34072188278014,-1165.504068243789,1385.8084588555132,-87.9796571143818,61.11365563175776,0.0,292.7317914416943,0.0
24,12,-3946.0440155400893,3267.1725630866003,-67.11575323315009,63.6594993181741,0.0,135.34072188278014,-1221.870648656165,1409.4238673273617,-87.9796571143818,61.11365563175776,0.0,292.7317914416943,0.0
24,13,-3901.2984322053626,3221.891610960175,-67.11575323315009,63.6594993181741,0.0,135.34072188278014,-1278.2372290685405,1433.0392757992101,-87.9796571143818,61.11365563175776,0.0,292.7317914416943,0.0
24,14,-3856.552848870636,3176.6106588337498,-67.11575323315009,63.6594993181741,0.0,135.34072188278014,-1334.6038094809164,1456.6546842710586,-87.9796571143818,61.11365563175776,0.0,292.7317914416943,0.0
24,15,-3811.807265535909,3131.3297067073245,-67.11575323315009,63.6594993181741,0.0,135.34072188278014,-1390.9703898932921,1480.2700927429073,-87.9796571143818,61.11365563175776,0.0,292.7317914416943,0.0
24,16,-3767.0616822011825,3086.0487545808983,-67.11575323315009,63.6594993181741,0.0,135.34072188278014,-1447.3369703056678,1503.8855012147558,-87.9796571143818,61.11365563175776,0.0,292.7317914416943,0.0
24,17,-3722.316098866456,3040.767802454473,-67.11575323315009,63.6594993181741,0.0,135.34072188278014,-1503.7035507180435,1527.5009096866042,-87.9796571143818,61.11365563175776,0.0,292.7317914416943,0.0
24,18,-3677.570515531729,2995.4868503280477,-67.11575323315009,63.6594993181741,0.0,135.34072188278014,-1560.0701311304194,1551.116318158453,-87.9796571143818,61.11365563175776,0.0,292.7317914416943,0.0
24,19,-3632.8249321970025,2950.205898201622,-67.11575323315009,63.6594993181741,0.0,135.34072188278014,-1616.4367115427951,1574.7317266303014,-87.9796571143818,61.11365563175776,0.0,292.7317914416943,0.0
24,20,-3588.0793488622758,2904.9249460751967,-67.11575323315009,63.6594993181741,0.0,135.34072188278014,-1672.8032919551708,1598.3471351021499,-87.9796571143818,61.11365563175776,0.0,292.7317914416943,0.0
24,21,-3543.333765527549,2859.643993948771,-67.11575323315009,63.6594993181741,0.0,135.34072188278014,-1729.1698723675463,1621.9625435739983,-87.9796571143818,61.11365563175776,0.0,292.7317914416943,0.0
24,22,-3498.5881821928224,2814.3630418223456,-67.11575323315009,63.6594993181741,0.0,135.34072188278014,-1785.5364527799222,1645.5779520458468,-87.9796571143818,61.11365563175776,0.0,292.7317914416943,0.0
24,23,-3453.8425988580957,2769.0820896959203,-67.11575323315009,63.6594993181741,0.0,135.34072188278014,-1841.903033192298,1669.1933605176955,-87.9796571143818,61.11365563175776,0.0,292.7317914416943,0.0
24,24,-3409.097015523369,2723.8011375694946,-67.11575323315009,63.6594993181741,0.0,135.34072188278014,-1898.2696136046739,1692.808768989544,-87.9796571143818,61.11365563175776,0.0,292.7317914416943,0.0
24,25,-3364.3514321886423,2678.520185443069,-67.11575323315009,63.6594993181741,0.0,135.34072188278014,-1954.6361940170495,1716.4241774613924,-87.9796571143818,61.11365563175776,0.0,292.7317914416943,0.0
24,26,-3319.6058488539156,2633.2392333166435,-67.11575323315009,63.6594993181741,0.0,135.34072188278014,-2011.0027744294252,1740.039585933241,-87.9796571143818,61.11365563175776,0.0,292.7317914416943,0.0
24,27,-3274.860265519189,2587.9582811902183,-67.11575323315009,63.6594993181741,0.0,135.34072188278014,-2067.369354841801,1763.6549944050894,-87.9796571143818,61.11365563175776,0.0,292.7317914416943,0.0
24,28,-3230.1146821844623,2542.6773290637925,-67.11575323315009,63.6594993181741,0.0,135.34072188278014,-2123.7359352541766,1787.270402876938,-87.9796571143818,61.11365563175776,0.0,292.7317914416943,0.0
24,29,-3185.3690988497356,2497.396376937367,-67.11575323315009,63.6594993181741,0.0,135.34072188278014,-2180.1025156665523,1810.8858113487865,-87.9796571143818,61.11365563175776,0.0,292.7317914416943,0.0
24,30,-3140.623515515009,2452.1154248109415,-67.11575323315009,63.6594993181741,0.0,135.34072188278014,-2236.469096078928,1834.501219820635,-87.9796571143818,61.11365563175776,0.0,292.7317914416943,0.0
24,31,-3095.877932180282,2406.834472684516,-67.11575323315009,63.6594993181741,0.0,135.34072188278014,-2292.835676491304,1858.1166282924837,-87.9796571143818,61.11365563175776,0.0,292.7317914416943,0.0
24,32,-3051.1323488455555,2361.5535205580904,-67.11575323315009,63.6594993181741,0.0,135.34072188278014,-2349.20225690368,1881.7320367643322,-87.9796571143818,61.11365563175776,0.0,292.7317914416943,0.0
24,33,-3006.386765510829,2316.272568431665,-67.11575323315009,63.6594993181741,0.0,135.34072188278014,-2405.5688373160556,1905.3474452361806,-87.9796571143818,61.11365563175776,0.0,292.7317914416943,0.0
24,34,-2961.641182176102,2270.9916163052394,-67.11575323315009,63.6594993181741,0.0,135.34072188278014,-2461.9354177284313,1928.9628537080293,-87.9796571143818,61.11365563175776,0.0,292.7317914416943,0.0
24,35,-2916.8955988413754,2225.710664178814,-67.11575323315009,63.6594993181741,0.0,135.34072188278014,-2518.301998140807,1952.5782621798778,-87.9796571143818,61.11365563175776,0.0,292.7317914416943,0.0
24,36,-2872.1500155066487,2180.4297120523884,-67.11575323315009,63.6594993181741,0.0,135.34072188278014,-2574.6685785531827,1976.1936706517263,-87.9796571143818,61.11365563175776,0.0,292.7317914416943,0.0
24,37,-2827.404432171922,2135.148759925963,-67.11575323315009,63.6594993181741,0.0,135.34072188278014,-2631.0351589655584,1999.809079123575,-87.9796571143818,61.11365563175776,0.0,292.7317914416943,0.0
24,38,-2782.6588488371954,2089.8678077995373,-67.11575323315009,63.6594993181741,0.0,135.34072188278014,-2687.401739377934,2023.4244875954234,-87.9796571143818,61.11365563175776,0.0,292.7317914416943,0.0
24,39,-2737.9132655024687,2044.586855673112,-67.11575323315009,63.6594993181741,0.0,135.34072188278014,-2743.7683197903098,2047.039896067272,-87.9796571143818,61.11365563175776,0.0,292.7317914416943,0.0
24,40,-2693.167682167742,1999.3059035466865,-67.11575323315009,63.6594993181741,0.0,135.34072188278014,-2800.1349002026855,2070.6553045391206,-87.9796571143818,61.11365563175776,0.0,292.7317914416943,0.0
24,41,-2648.4220988330153,1954.024951420261,-67.11575323315009,63.6594993181741,0.0,135.34072188278014,-2856.501480615061,2094.270713010969,-87.9796571143818,61.11365563175776,0.0,292.7317914416943,0.0
24,42,-2603.6765154982886,1908.7439992938355,-67.11575323315009,63.6594993181741,0.0,135.34072188278014,-2912.8680610274373,2117.8861214828175,-87.9796571143818,61.11365563175776,0.0,292.7317914416943,0.0
24,43,-2558.930932163562,1863.46304716741,-67.11575323315009,63.6594993181741,0.0,135.34072188278014,-2969.234641439813,2141.5015299546662,-87.9796571143818,61.11365563175776,0.0,292.7317914416943,0.0
24,44,-2514.1853488288352,1818.1820950409844,-67.11575323315009,63.6594993181741,0.0,135.34072188278014,-3025.6012218521887,2165.1169384265145,-87.9796571143818,61.11365563175776,0.0,292.7317914416943,0.0
24,45,-2469.4397654941085,1772.901142914559,-67.11575323315009,63.6594993181741,0.0,135.34072188278014,-3081.9678022645644,2188.732346898363,-87.9796571143818,61.11365563175776,0.0,292.7317914416943,0.0
24,46,-2424.694182159382,1727.6201907881336,-67.11575323315009,63.6594993181741,0.0,135.34072188278014,-3138.33438267694,2212.3477553702114,-87.9796571143818,61.11365563175776,0.0,292.7317914416943,0.0
24,47,-2379.948598824655,1682.339238661708,-67.11575323315009,63.6594993181741,0.0,135.34072188278014,-3194.700963089316,2235.96316384206,-87.9796571143818,61.11365563175776,0.0,292.7317914416943,0.0
24,48,-2335.2030154899285,1637.0582865352826,-67.11575323315009,63.6594993181741,0.0,135.34072188278014,-3251.0675435016915,2259.578572313909,-87.9796571143818,61.11365563175776,0.0,292.7317914416943,0.0
24,49,-2290.457432155202,1591.777334408857,-67.11575323315009,63.6594993181741,0.0,135.34072188278014,-3307.434123914067,2283.193980785757,-87.9796571143818,61.11365563175776,0.0,292.7317914416943,0.0
25,0,-2499.0280613918258,1733.3621862029086,81.1269335486844,69.72192331693397,0.0,104.06650069578286,2398.0960019681393,2143.4345326429802,76.53898774320186,64.51359542868765,0.0,244.64004231673727,0.0
25,1,-2431.3967998202547,1716.4164183167914,81.1269335486844,69.72192331693397,0.0,104.06650069578286,2339.7992693401607,2115.8031200833884,76.53898774320186,64.51359542868765,0.0,244.64004231673727,0.0
25,2,-2363.7655382486837,1699.4706504306741,81.1269335486844,69.72192331693397,0.0,104.06650069578286,2281.502536712182,2088.1717075237975,76.53898774320186,64.51359542868765,0.0,244.64004231673727,0.0
25,3,-2296.1342766771127,1682.524882544557,81.1269335486844,69.72192331693397,0.0,104.06650069578286,2223.205804084203,2060.5402949642057,76.53898774320186,64.51359542868765,0.0,244.64004231673727,0.0
25,4,-2228.5030151055416,1665.5791146584397,81.1269335486844,69.72192331693397,0.0,104.06650069578286,2164.9090714562244,2032.9088824046148,76.53898774320186,64.51359542868765,0.0,244.64004231673727,0.0
25,5,-2160.8717535339706,1648.6333467723225,81.1269335486844,69.72192331693397,0.0,104.06650069578286,2106.6123388282454,2005.2774698450235,76.53898774320186,64.51359542868765,0.0,244.64004231673727,0.0
25,6,-2093.2404919623996,1631.6875788862053,81.1269335486844,69.72192331693397,0.0,104.06650069578286,2048.3156062002668,1977.646057285432,76.53898774320186,64.51359542868765,0.0,244.64004231673727,0.0
25,7,-2025.6092303908285,1614.741811000088,81.1269335486844,69.72192331693397,0.0,104.06650069578286,1990.018873572288,1950.0146447258408,76.53898774320186,64.51359542868765,0.0,244.64004231673727,0.0
25,8,-1957.9779688192575,1597.7960431139709,81.1269335486844,69.72192331693397,0.0,104.06650069578286,1931.7221409443089,1922.3832321662494,76.53898774320186,64.51359542868765,0.0,244.64004231673727,0.0
25,9,-1890.3467072476867,1580.8502752278537,81.1269335486844,69.72192331693397,0.0,104.06650069578286,1873.4254083163303,1894.7518196066583,76.53898774320186,64.51359542868765,0.0,244.64004231673727,0.0
25,10,-1822.7154456761157,1563.9045073417365,81.1269335486844,69.72192331693397,0.0,104.06650069578286,1815.1286756883514,1867.120407047067,76.53898774320186,64.51359542868765,0.0,244.64004231673727,0.0
25,11,-1755.0841841045446,1546.9587394556193,81.1269335486844,69.72192331693397,0.0,104.06650069578286,1756.8319430603729,1839.4889944874758,76.53898774320186,64.51359542868765,0.0,244.64004231673727,0.0
25,12,-1687.4529225329736,1530.012971569502,81.1269335486844,69.72192331693397,0.0,104.06650069578286,1698.5352104323938,1811.8575819278844,76.53898774320186,64.51359542868765,0.0,244.64004231673727,0.0
25,13,-1619.8216609614026,1513.0672036833848,81.1269335486844,69.72192331693397,0.0,104.06650069578286,1640.238477804415,1784.226169368293,76.53898774320186,64.51359542868765,0.0,244.64004231673727,0.0
25,14,-1552.1903993898316,1496.1214357972676,81.1269335486844,69.72192331693397,0.0,104.06650069578286,1581.9417451764364,1756.5947568087017,76.53898774320186,64.51359542868765,0.0,244.64004231673727,0.0
25,15,-1484.5591378182605,1479.1756679111504,81.1269335486844,69.72192331693397,0.0,104.06650069578286,1523.6450125484573,1728.9633442491104,76.53898774320186,64.51359542868765,0.0,244.64004231673727,0.0
25,16,-1416.9278762466893,1462.2299000250332,81.1269335486844,69.72192331693397,0.0,104.06650069578286,1465.3482799204787,1701.331931689519,76.53898774320186,64.51359542868765,0.0,244.64004231673727,0.0
25,17,-1349.2966146751185,1445.284132138916,81.1269335486844,69.72192331693397,0.0,104.06650069578286,1407.0515472925,1673.700519129928,76.53898774320186,64.51359542868765,0.0,244.64004231673727,0.0
25,18,-1281.6653531035474,1428.3383642527988,81.1269335486844,69.72192331693397,0.0,104.06650069578286,1348.754814664521,1646.0691065703368,76.53898774320186,64.51359542868765,0.0,244.64004231673727,0.0
25,19,-1214.0340915319764,1411.3925963666816,81.1269335486844,69.72192331693397,0.0,104.06650069578286,1290.4580820365422,1618.4376940107452,76.53898774320186,64.51359542868765,0.0,244.64004231673727,0.0
25,20,-1146.4028299604054,1394.4468284805644,81.1269335486844,69.72192331693397,0.0,104.06650069578286,1232.1613494085634,1590.806281451154,76.53898774320186,64.51359542868765,0.0,244.64004231673727,0.0
25,21,-1078.7715683888343,1377.5010605944472,81.1269335486844,69.72192331693397,0.0,104.06650069578286,1173.8646167805846,1563.1748688915627,76.53898774320186,64.51359542868765,0.0,244.64004231673727,0.0
25,22,-1011.1403068172633,1360.55529270833,81.1269335486844,69.72192331693397,0.0,104.06650069578286,1115.567884152606,1535.5434563319714,76.53898774320186,64.51359542868765,0.0,244.64004231673727,0.0
25,23,-943.5090452456923,1343.6095248222127,81.1269335486844,69.72192331693397,0.0,104.06650069578286,1057.271151524627,1507.91204377238,76.53898774320186,64.51359542868765,0.0,244.64004231673727,0.0
25,24,-875.8777836741214,1326.6637569360955,81.1269335486844,69.72192331693397,0.0,104.06650069578286,998.9744188966482,1480.2806312127886,76.53898774320186,64.51359542868765,0.0,244.64004231673727,0.0
25,25,-808.2465221025503,1309.7179890499783,81.1269335486844,69.72192331693397,0.0,104.06650069578286,940.6776862686695,1452.6492186531975,76.53898774320186,64.51359542868765,0.0,244.64004231673727,0.0
25,26,-740.6152605309793,1292.772221163861,81.1269335486844,69.72192331693397,0.0,104.06650069578286,882.3809536406906,1425.0178060936064,76.53898774320186,64.51359542868765,0.0,244.64004231673727,0.0
25,27,-672.9839989594083,1275.826453277744,81.1269335486844,69.72192331693397,0.0,104.06650069578286,824.0842210127119,1397.386393534015,76.53898774320186,64.51359542868765,0.0,244.64004231673727,0.0
25,28,-605.3527373878372,1258.8806853916267,81.1269335486844,69.72192331693397,0.0,104.06650069578286,765.787488384733,1369.7549809744237,76.53898774320186,64.51359542868765,0.0,244.64004231673727,0.0
25,29,-537.7214758162662,1241.9349175055095,81.1269335486844,69.72192331693397,0.0,104.06650069578286,707.4907557567542,1342.1235684148323,76.53898774320186,64.51359542868765,0.0,244.64004231673727,0.0
25,30,-470.0902142446952,1224.9891496193923,81.1269335486844,69.72192331693397,0.0,104.06650069578286,649.1940231287754,1314.492155855241,76.53898774320186,64.51359542868765,0.0,244.64004231673727,0.0
25,31,-402.45895267312414,1208.043381733275,81.1269335486844,69.72192331693397,0.0,104.06650069578286,590.8972905007967,1286.8607432956499,76.53898774320186,64.51359542868765,0.0,244.64004231673727,0.0
25,32,-334.82769110155317,1191.0976138471578,81.1269335486844,69.72192331693397,0.0,104.06650069578286,532.6005578728178,1259.2293307360585,76.53898774320186,64.51359542868765,0.0,244.64004231673727,0.0
25,33,-267.19642952998214,1174.1518459610406,81.1269335486844,69.72192331693397,0.0,104.06650069578286,474.303825244839,1231.5979181764671,76.53898774320186,64.51359542868765,0.0,244.64004231673727,0.0
25,34,-199.5651679584111,1157.2060780749234,81.1269335486844,69.72192331693397,0.0,104.06650069578286,416.00709261686023,1203.9665056168758,76.53898774320186,64.51359542868765,0.0,244.64004231673727,0.0
25,35,-131.93390638684008,1140.2603101888062,81.1269335486844,69.72192331693397,0.0,104.06650069578286,357.71035998888146,1176.3350930572847,76.53898774320186,64.51359542868765,0.0,244.64004231673727,0.0
25,36,-64.30264481526908,1123.314542302689,81.1269335486844,69.72192331693397,0.0,104.06650069578286,299.41362736090264,1148.7036804976933,76.53898774320186,64.51359542868765,0.0,244.64004231673727,0.0
25,37,3.3286167563019546,1106.3687744165718,81.1269335486844,69.72192331693397,0.0,104.06650069578286,241.1168947329238,1121.072267938102,76.53898774320186,64.51359542868765,0.0,244.64004231673727,0.0
25,38,70.95987832787297,1089.4230065304546,81.1269335486844,69.72192331693397,0.0,104.06650069578286,182.820162104945,1093.4408553785106,76.53898774320186,64.51359542868765,0.0,244.64004231673727,0.0
25,39,138.591139899444,1072.4772386443374,81.1269335486844,69.72192331693397,0.0,104.06650069578286,124.52342947696621,1065.8094428189195,76.53898774320186,64.51359542868765,0.0,244.64004231673727,0.0
25,40,206.22240147101502,1055.5314707582202,81.1269335486844,69.72192331693397,0.0,104.06650069578286,66.22669684898742,1038.1780302593281,76.53898774320186,64.51359542868765,0.0,244.64004231673727,0.0
25,41,273.85366304258605,1038.585702872103,81.1269335486844,69.72192331693397,0.0,104.06650069578286,7.929964221008618,1010.5466176997368,76.53898774320186,64.51359542868765,0.0,244.64004231673727,0.0
25,42,341.4849246141571,1021.6399349859857,81.1269335486844,69.72192331693397,0.0,104.06650069578286,-50.36676840697018,982.9152051401454,76.53898774320186,64.51359542868765,0.0,244.64004231673727,0.0
25,43,409.11618618572805,1004.6941670998685,81.1269335486844,69.72192331693397,0.0,104.06650069578286,-108.66350103494898,955.2837925805542,76.53898774320186,64.51359542868765,0.0,244.64004231673727,0.0
25,44,476.7474477572991,987.7483992137513,81.1269335486844,69.72192331693397,0.0,104.06650069578286,-166.9602336629278,927.6523800209629,76.53898774320186,64.51359542868765,0.0,244.64004231673727,0.0
25,45,544.3787093288702,970.8026313276341,81.1269335486844,69.72192331693397,0.0,104.06650069578286,-225.25696629090658,900.0209674613716,76.53898774320186,64.51359542868765,0.0,244.64004231673727,0.0
25,46,612.0099709004412,953.8568634415169,81.1269335486844,69.72192331693397,0.0,104.06650069578286,-283.5536989188854,872.3895549017803,76.53898774320186,64.51359542868765,0.0,244.64004231673727,0.0
25,47,679.6412324720121,936.9110955553997,81.1269335486844,69.72192331693397,0.0,104.06650069578286,-341.85043154686423,844.7581423421891,76.53898774320186,64.51359542868765,0.0,244.64004231673727,0.0
25,48,747.2724940435832,919.9653276692825,81.1269335486844,69.72192331693397,0.0,104.06650069578286,-400.14716417484294,817.1267297825977,76.53898774320186,64.51359542868765,0.0,244.64004231673727,0.0
25,49,814.9037556151542,903.0195597831653,81.1269335486844,69.72192331693397,0.0,104.06650069578286,-458.44389680282177,789.4953172230064,76.53898774320186,64.51359542868765,0.0,244.64004231673727,0.0
26,0,-338.1006619266893,6451.020100063209,336.34567403102676,64.98143888429307,0.0,224.0958835426626,-4071.2359857948986,3019.177985673625,324.20423497030976,65.43098780182237,0.0,410.70590803709916,0.0
26,1,-383.3187239979734,6404.351971088601,336.34567403102676,64.98143888429307,0.0,224.0958835426626,-4020.59858338562,3060.615500584186,324.20423497030976,65.43098780182237,0.0,410.70590803709916,0.0
26,2,-428.5367860692577,6357.683842113994,336.34567403102676,64.98143888429307,0.0,224.0958835426626,-3969.961180976341,3102.0530154947483,324.20423497030976,65.43098780182237,0.0,410.70590803709916,0.0
26,3,-473.75484814054175,6311.015713139386,336.34567403102676,64.98143888429307,0.0,224.0958835426626,-3919.3237785670626,3143.4905304053095,324.20423497030976,65.43098780182237,0.0,410.70590803709916,0.0
26,4,-518.972910211826,6264.347584164779,336.34567403102676,64.98143888429307,0.0,224.0958835426626,-3868.6863761577843,3184.9280453158713,324.20423497030976,65.43098780182237,0.0,410.70590803709916,0.0
26,5,-564.1909722831101,6217.679455190171,336.34567403102676,64.98143888429307,0.0,224.0958835426626,-3818.048973748506,3226.3655602264325,324.20423497030976,65.43098780182237,0.0,410.70590803709916,0.0
26,6,-609.4090343543944,6171.011326215563,336.34567403102676,64.98143888429307,0.0,224.0958835426626,-3767.411571339227,3267.8030751369947,324.20423497030976,65.43098780182237,0.0,410.70590803709916,0.0
26,7,-654.6270964256782,6124.343197240956,336.34567403102676,64.98143888429307,0.0,224.0958835426626,-3716.7741689299487,3309.240590047556,324.20423497030976,65.43098780182237,0.0,410.70590803709916,0.0
26,8,-699.8451584969625,6077.675068266348,336.34567403102676,64.98143888429307,0.0,224.0958835426626,-3666.13676652067,3350.678104958118,324.20423497030976,65.43098780182237,0.0,410.70590803709916,0.0
26,9,-745.0632205682466,6031.00693929174,336.34567403102676,64.98143888429307,0.0,224.0958835426626,-3615.4993641113915,3392.11561986868,324.20423497030976,65.43098780182237,0.0,410.70590803709916,0.0
26,10,-790.2812826395309,5984.338810317133,336.34567403102676,64.98143888429307,0.0,224.0958835426626,-3564.861961702113,3433.5531347792416,324.20423497030976,65.43098780182237,0.0,410.70590803709916,0.0
26,11,-835.499344710815,5937.670681342525,336.34567403102676,64.98143888429307,0.0,224.0958835426626,-3514.2245592928343,3474.990649689803,324.20423497030976,65.43098780182237,0.0,410.70590803709916,0.0
26,12,-880.717406782099,5891.002552367918,336.34567403102676,64.98143888429307,0.0,224.0958835426626,-3463.587156883556,3516.4281646003647,324.20423497030976,65.43098780182237,0.0,410.70590803709916,0.0
26,13,-925.9354688533833,5844.33442339331,336.34567403102676,64.98143888429307,0.0,224.0958835426626,-3412.949754474277,3557.8656795109264,324.20423497030976,65.43098780182237,0.0,410.70590803709916,0.0
26,14,-971.1535309246674,5797.666294418703,336.34567403102676,64.98143888429307,0.0,224.0958835426626,-3362.312352064999,3599.303194421488,324.20423497030976,65.43098780182237,0.0,410.70590803709916,0.0
26,15,-1016.3715929959517,5750.998165444094,336.34567403102676,64.98143888429307,0.0,224.0958835426626,-3311.6749496557204,3640.74070933205,324.20423497030976,65.43098780182237,0.0,410.70590803709916,0.0
26,16,-1061.5896550672355,5704.330036469488,336.34567403102676,64.98143888429307,0.0,224.0958835426626,-3261.037547246442,3682.1782242426116,324.20423497030976,65.43098780182237,0.0,410.70590803709916,0.0
26,17,-1106.8077171385198,5657.661907494879,336.34567403102676,64.98143888429307,0.0,224.0958835426626,-3210.400144837163,3723.6157391531733,324.20423497030976,65.43098780182237,0.0,410.70590803709916,0.0
26,18,-1152.0257792098039,5610.993778520272,336.34567403102676,64.98143888429307,0.0,224.0958835426626,-3159.7627424278844,3765.053254063735,324.20423497030976,65.43098780182237,0.0,410.70590803709916,0.0
26,19,-1197.243841281088,5564.325649545664,336.34567403102676,64.98143888429307,0.0,224.0958835426626,-3109.125340018606,3806.4907689742968,324.20423497030976,65.43098780182237,0.0,410.70590803709916,0.0
26,20,-1242.4619033523722,5517.657520571057,336.34567403102676,64.98143888429307,0.0,224.0958835426626,-3058.4879376093277,3847.928283884858,324.20423497030976,65.43098780182237,0.0,410.70590803709916,0.0
26,21,-1287.6799654236565,5470.989391596449,336.34567403102676,64.98143888429307,0.0,224.0958835426626,-3007.8505352000493,3889.36579879542,324.20423497030976,65.43098780182237,0.0,410.70590803709916,0.0
26,22,-1332.8980274949406,5424.321262621842,336.34567403102676,64.98143888429307,0.0,224.0958835426626,-2957.2131327907705,3930.8033137059815,324.20423497030976,65.43098780182237,0.0,410.70590803709916,0.0
26,23,-1378.1160895662247,5377.653133647234,336.34567403102676,64.98143888429307,0.0,224.0958835426626,-2906.575730381492,3972.2408286165432,324.20423497030976,65.43098780182237,0.0,410.70590803709916,0.0
26,24,-1423.334151637509,5330.985004672627,336.34567403102676,64.98143888429307,0.0,224.0958835426626,-2855.9383279722133,4013.678343527105,324.20423497030976,65.43098780182237,0.0,410.70590803709916,0.0
26,25,-1468.552213708793,5284.316875698019,336.34567403102676,64.98143888429307,0.0,224.0958835426626,-2805.300925562935,4055.1158584376667,324.20423497030976,65.43098780182237,0.0,410.70590803709916,0.0
26,26,-1513.770275780077,5237.648746723411,336.34567403102676,64.98143888429307,0.0,224.0958835426626,-2754.6635231536566,4096.553373348228,324.20423497030976,65.43098780182237,0.0,410.70590803709916,0.0
26,27,-1558.9883378513614,5190.9806177488035,336.34567403102676,64.98143888429307,0.0,224.0958835426626,-2704.026120744378,4137.99088825879,324.20423497030976,65.43098780182237,0.0,410.70590803709916,0.0
26,28,-1604.2063999226455,5144.312488774196,336.34567403102676,64.98143888429307,0.0,224.0958835426626,-2653.3887183350994,4179.428403169351,324.20423497030976,65.43098780182237,0.0,410.70590803709916,0.0
26,29,-1649.4244619939295,5097.6443597995885,336.34567403102676,64.98143888429307,0.0,224.0958835426626,-2602.751315925821,4220.865918079913,324.20423497030976,65.43098780182237,0.0,410.70590803709916,0.0
26,30,-1694.6425240652138,5050.976230824981,336.34567403102676,64.98143888429307,0.0,224.0958835426626,-2552.113913516542,4262.303432990475,324.20423497030976,65.43098780182237,0.0,410.70590803709916,0.0
26,31,-1739.860586136498,5004.3081018503735,336.34567403102676,64.98143888429307,0.0,224.0958835426626,-2501.476511107264,4303.740947901037,324.20423497030976,65.43098780182237,0.0,410.70590803709916,0.0
26,32,-1785.078648207782,4957.639972875766,336.34567403102676,64.98143888429307,0.0,224.0958835426626,-2450.8391086979855,4345.178462811598,324.20423497030976,65.43098780182237,0.0,410.70590803709916,0.0
26,33,-1830.2967102790662,4910.9718439011585,336.34567403102676,64.98143888429307,0.0,224.0958835426626,-2400.201706288707,4386.61597772216,324.20423497030976,65.43098780182237,0.0,410.70590803709916,0.0
26,34,-1875.5147723503503,4864.303714926551,336.34567403102676,64.98143888429307,0.0,224.0958835426626,-2349.5643038794283,4428.053492632722,324.20423497030976,65.43098780182237,0.0,410.70590803709916,0.0
26,35,-1920.7328344216344,4817.635585951943,336.34567403102676,64.98143888429307,0.0,224.0958835426626,-2298.92690147015,4469.491007543284,324.20423497030976,65.43098780182237,0.0,410.70590803709916,0.0
26,36,-1965.9508964929187,4770.967456977335,336.34567403102676,64.98143888429307,0.0,224.0958835426626,-2248.289499060871,4510.928522453845,324.20423497030976,65.43098780182237,0.0,410.70590803709916,0.0
26,37,-2011.1689585642027,4724.299328002728,336.34567403102676,64.98143888429307,0.0,224.0958835426626,-2197.6520966515927,4552.366037364407,324.20423497030976,65.43098780182237,0.0,410.70590803709916,0.0
26,38,-2056.387020635487,4677.63119902812,336.34567403102676,64.98143888429307,0.0,224.0958835426626,-2147.0146942423144,4593.803552274969,324.20423497030976,65.43098780182237,0.0,410.70590803709916,0.0
26,39,-2101.605082706771,4630.963070053513,336.34567403102676,64.98143888429307,0.0,224.0958835426626,-2096.3772918330355,4635.2410671855305,324.20423497030976,65.43098780182237,0.0,410.70590803709916,0.0
26,40,-2146.8231447780554,4584.294941078905,336.34567403102676,64.98143888429307,0.0,224.0958835426626,-2045.7398894237572,4676.678582096092,324.20423497030976,65.43098780182237,0.0,410.70590803709916,0.0
26,41,-2192.0412068493392,4537.626812104298,336.34567403102676,64.98143888429307,0.0,224.0958835426626,-1995.1024870144786,4718.116097006653,324.20423497030976,65.43098780182237,0.0,410.70590803709916,0.0
26,42,-2237.2592689206235,4490.95868312969,336.34567403102676,64.98143888429307,0.0,224.0958835426626,-1944.4650846052002,4759.553611917215,324.20423497030976,65.43098780182237,0.0,410.70590803709916,0.0
26,43,-2282.477330991908,4444.290554155083,336.34567403102676,64.98143888429307,0.0,224.0958835426626,-1893.8276821959216,4800.9911268277765,324.20423497030976,65.43098780182237,0.0,410.70590803709916,0.0
26,44,-2327.6953930631917,4397.622425180474,336.34567403102676,64.98143888429307,0.0,224.0958835426626,-1843.190279786643,4842.428641738338,324.20423497030976,65.43098780182237,0.0,410.70590803709916,0.0
26,45,-2372.913455134476,4350.954296205867,336.34567403102676,64.98143888429307,0.0,224.0958835426626,-1792.5528773773644,4883.8661566489,324.20423497030976,65.43098780182237,0.0,410.70590803709916,0.0
26,46,-2418.1315172057602,4304.286167231259,336.34567403102676,64.98143888429307,0.0,224.0958835426626,-1741.915474968086,4925.303671559462,324.20423497030976,65.43098780182237,0.0,410.70590803709916,0.0
26,47,-2463.3495792770445,4257.618038256652,336.34567403102676,64.98143888429307,0.0,224.0958835426626,-1691.2780725588075,4966.741186470023,324.20423497030976,65.43098780182237,0.0,410.70590803709916,0.0
26,48,-2508.5676413483284,4210.949909282044,336.34567403102676,64.98143888429307,0.0,224.0958835426626,-1640.640670149529,5008.178701380585,324.20423497030976,65.43098780182237,0.0,410.70590803709916,0.0
26,49,-2553.7857034196127,4164.281780307437,336.34567403102676,64.98143888429307,0.0,224.0958835426626,-1590.0032677402505,5049.616216291147,324.20423497030976,65.43098780182237,0.0,410.70590803709916,0.0
27,0,433.42623035055567,2974.1379781620917,-327.2787363462557,63.860208582098494,0.0,297.08440536183906,-2896.4991354580197,6440.919279893616,-298.1650286511352,67.46976694380088,0.0,514.5040659280418,0.0
27,1,376.5691390951288,3003.213696796739,-327.2787363462557,63.860208582098494,0.0,297.08440536183906,-2867.4569736627486,6380.020000015213,-298.1650286511352,67.46976694380088,0.0,514.5040659280418,0.0
27,2,319.7120478397019,3032.2894154313863,-327.2787363462557,63.860208582098494,0.0,297.08440536183906,-2838.4148118674775,6319.120720136809,-298.1650286511352,67.46976694380088,0.0,514.5040659280418,0.0
27,3,262.854956584275,3061.3651340660335,-327.2787363462557,63.860208582098494,0.0,297.08440536183906,-2809.3726500722064,6258.221440258406,-298.1650286511352,67.46976694380088,0.0,514.5040659280418,0.0
27,4,205.9978653288481,3090.440852700681,-327.2787363462557,63.860208582098494,0.0,297.08440536183906,-2780.3304882769353,6197.322160380003,-298.1650286511352,67.46976694380088,0.0,514.5040659280418,0.0
27,5,149.14077407342097,3119.5165713353285,-327.2787363462557,63.860208582098494,0.0,297.08440536183906,-2751.2883264816637,6136.422880501599,-298.1650286511352,67.46976694380088,0.0,514.5040659280418,0.0
27,6,92.28368281799408,3148.592289969976,-327.2787363462557,63.860208582098494,0.0,297.08440536183906,-2722.2461646863926,6075.523600623196,-298.1650286511352,67.46976694380088,0.0,514.5040659280418,0.0
27,7,35.42659156256718,3177.668008604623,-327.2787363462557,63.860208582098494,0.0,297.08440536183906,-2693.2040028911215,6014.624320744793,-298.1650286511352,67.46976694380088,0.0,514.5040659280418,0.0
27,8,-21.430499692859712,3206.7437272392704,-327.2787363462557,63.860208582098494,0.0,297.08440536183906,-2664.1618410958504,5953.7250408663895,-298.1650286511352,67.46976694380088,0.0,514.5040659280418,0.0
27,9,-78.2875909482866,3235.819445873918,-327.2787363462557,63.860208582098494,0.0,297.08440536183906,-2635.1196793005793,5892.825760987986,-298.1650286511352,67.46976694380088,0.0,514.5040659280418,0.0
27,10,-135.14468220371373,3264.8951645085654,-327.2787363462557,63.860208582098494,0.0,297.08440536183906,-2606.0775175053077,5831.926481109584,-298.1650286511352,67.46976694380088,0.0,514.5040659280418,0.0
27,11,-192.00177345914062,3293.9708831432126,-327.2787363462557,63.860208582098494,0.0,297.08440536183906,-2577.035355710037,5771.02720123118,-298.1650286511352,67.46976694380088,0.0,514.5040659280418,0.0
27,12,-248.85886471456752,3323.04660177786,-327.2787363462557,63.860208582098494,0.0,297.08440536183906,-2547.9931939147655,5710.127921352776,-298.1650286511352,67.46976694380088,0.0,514.5040659280418,0.0
27,13,-305.7159559699944,3352.122320412507,-327.2787363462557,63.860208582098494,0.0,297.08440536183906,-2518.9510321194944,5649.228641474373,-298.1650286511352,67.46976694380088,0.0,514.5040659280418,0.0
27,14,-362.57304722542153,3381.1980390471545,-327.2787363462557,63.860208582098494,0.0,297.08440536183906,-2489.9088703242232,5588.32936159597,-298.1650286511352,67.46976694380088,0.0,514.5040659280418,0.0
27,15,-419.4301384808484,3410.2737576818017,-327.2787363462557,63.860208582098494,0.0,297.08440536183906,-2460.866708528952,5527.430081717566,-298.1650286511352,67.46976694380088,0.0,514.5040659280418,0.0
27,16,-476.2872297362753,3439.349476316449,-327.2787363462557,63.860208582098494,0.0,297.08440536183906,-2431.824546733681,5466.530801839163,-298.1650286511352,67.46976694380088,0.0,514.5040659280418,0.0
27,17,-533.1443209917022,3468.4251949510963,-327.2787363462557,63.860208582098494,0.0,297.08440536183906,-2402.78238493841,5405.6315219607595,-298.1650286511352,67.46976694380088,0.0,514.5040659280418,0.0
27,18,-590.0014122471291,3497.500913585744,-327.2787363462557,63.860208582098494,0.0,297.08440536183906,-2373.740223143139,5344.732242082357,-298.1650286511352,67.46976694380088,0.0,514.5040659280418,0.0
27,19,-646.8585035025562,3526.5766322203913,-327.2787363462557,63.860208582098494,0.0,297.08440536183906,-2344.698061347867,5283.832962203953,-298.1650286511352,67.46976694380088,0.0,514.5040659280418,0.0
27,20,-703.7155947579831,3555.6523508550385,-327.2787363462557,63.860208582098494,0.0,297.08440536183906,-2315.655899552596,5222.93368232555,-298.1650286511352,67.46976694380088,0.0,514.5040659280418,0.0
27,21,-760.57268601341,3584.728069489686,-327.2787363462557,63.860208582098494,0.0,297.08440536183906,-2286.613737757325,5162.034402447147,-298.1650286511352,67.46976694380088,0.0,514.5040659280418,0.0
27,22,-817.429777268837,3613.803788124333,-327.2787363462557,63.860208582098494,0.0,297.08440536183906,-2257.571575962054,5101.135122568743,-298.1650286511352,67.46976694380088,0.0,514.5040659280418,0.0
27,23,-874.2868685242639,3642.879506758981,-327.2787363462557,63.860208582098494,0.0,297.08440536183906,-2228.5294141667828,5040.23584269034,-298.1650286511352,67.46976694380088,0.0,514.5040659280418,0.0
27,24,-931.1439597796908,3671.955225393628,-327.2787363462557,63.860208582098494,0.0,297.08440536183906,-2199.4872523715117,4979.336562811937,-298.1650286511352,67.46976694380088,0.0,514.5040659280418,0.0
27,25,-988.0010510351178,3701.0309440282754,-327.2787363462557,63.860208582098494,0.0,297.08440536183906,-2170.4450905762405,4918.437282933533,-298.1650286511352,67.46976694380088,0.0,514.5040659280418,0.0
27,26,-1044.8581422905447,3730.1066626629226,-327.2787363462557,63.860208582098494,0.0,297.08440536183906,-2141.402928780969,4857.5380030551305,-298.1650286511352,67.46976694380088,0.0,514.5040659280418,0.0
27,27,-1101.7152335459718,3759.18238129757,-327.2787363462557,63.860208582098494,0.0,297.08440536183906,-2112.360766985698,4796.638723176727,-298.1650286511352,67.46976694380088,0.0,514.5040659280418,0.0
27,28,-1158.5723248013987,3788.258099932217,-327.2787363462557,63.860208582098494,0.0,297.08440536183906,-2083.3186051904268,4735.739443298324,-298.1650286511352,67.46976694380088,0.0,514.5040659280418,0.0
27,29,-1215.4294160568256,3817.3338185668645,-327.2787363462557,63.860208582098494,0.0,297.08440536183906,-2054.2764433951556,4674.84016341992,-298.1650286511352,67.46976694380088,0.0,514.5040659280418,0.0
27,30,-1272.2865073122525,3846.409537201512,-327.2787363462557,63.860208582098494,0.0,297.08440536183906,-2025.2342815998845,4613.940883541517,-298.1650286511352,67.46976694380088,0.0,514.5040659280418,0.0
27,31,-1329.1435985676794,3875.4852558361595,-327.2787363462557,63.860208582098494,0.0,297.08440536183906,-1996.1921198046132,4553.041603663114,-298.1650286511352,67.46976694380088,0.0,514.5040659280418,0.0
27,32,-1386.0006898231063,3904.5609744708067,-327.2787363462557,63.860208582098494,0.0,297.08440536183906,-1967.149958009342,4492.14232378471,-298.1650286511352,67.46976694380088,0.0,514.5040659280418,0.0
27,33,-1442.8577810785334,3933.636693105454,-327.2787363462557,63.860208582098494,0.0,297.08440536183906,-1938.1077962140707,4431.243043906307,-298.1650286511352,67.46976694380088,0.0,514.5040659280418,0.0
27,34,-1499.7148723339603,3962.7124117401013,-327.2787363462557,63.860208582098494,0.0,297.08440536183906,-1909.0656344187996,4370.343764027904,-298.1650286511352,67.46976694380088,0.0,514.5040659280418,0.0
27,35,-1556.5719635893872,3991.7881303747486,-327.2787363462557,63.860208582098494,0.0,297.08440536183906,-1880.0234726235285,4309.444484149501,-298.1650286511352,67.46976694380088,0.0,514.5040659280418,0.0
27,36,-1613.4290548448141,4020.8638490093963,-327.2787363462557,63.860208582098494,0.0,297.08440536183906,-1850.9813108282574,4248.545204271098,-298.1650286511352,67.46976694380088,0.0,514.5040659280418,0.0
27,37,-1670.2861461002412,4049.9395676440436,-327.2787363462557,63.860208582098494,0.0,297.08440536183906,-1821.939149032986,4187.645924392694,-298.1650286511352,67.46976694380088,0.0,514.5040659280418,0.0
27,38,-1727.1432373556681,4079.015286278691,-327.2787363462557,63.860208582098494,0.0,297.08440536183906,-1792.896987237715,4126.746644514291,-298.1650286511352,67.46976694380088,0.0,514.5040659280418,0.0
27,39,-1784.000328611095,4108.091004913338,-327.2787363462557,63.860208582098494,0.0,297.08440536183906,-1763.8548254424438,4065.8473646358875,-298.1650286511352,67.46976694380088,0.0,514.5040659280418,0.0
27,40,-1840.857419866522,4137.166723547985,-327.2787363462557,63.860208582098494,0.0,297.08440536183906,-1734.8126636471725,4004.948084757484,-298.1650286511352,67.46976694380088,0.0,514.5040659280418,0.0
27,41,-1897.7145111219488,4166.242442182633,-327.2787363462557,63.860208582098494,0.0,297.08440536183906,-1705.7705018519014,3944.0488048790808,-298.1650286511352,67.46976694380088,0.0,514.5040659280418,0.0
27,42,-1954.571602377376,4195.31816081728,-327.2787363462557,63.860208582098494,0.0,297.08440536183906,-1676.7283400566303,3883.149525000678,-298.1650286511352,67.46976694380088,0.0,514.5040659280418,0.0
27,43,-2011.4286936328028,4224.393879451927,-327.2787363462557,63.860208582098494,0.0,297.08440536183906,-1647.686178261359,3822.2502451222745,-298.1650286511352,67.46976694380088,0.0,514.5040659280418,0.0
27,44,-2068.2857848882295,4253.4695980865745,-327.2787363462557,63.860208582098494,0.0,297.08440536183906,-1618.6440164660878,3761.350965243871,-298.1650286511352,67.46976694380088,0.0,514.5040659280418,0.0
27,45,-2125.142876143657,4282.545316721222,-327.2787363462557,63.860208582098494,0.0,297.08440536183906,-1589.6018546708167,3700.4516853654677,-298.1650286511352,67.46976694380088,0.0,514.5040659280418,0.0
27,46,-2181.9999673990837,4311.62103535587,-327.2787363462557,63.860208582098494,0.0,297.08440536183906,-1560.5596928755454,3639.5524054870643,-298.1650286511352,67.46976694380088,0.0,514.5040659280418,0.0
27,47,-2238.8570586545106,4340.696753990517,-327.2787363462557,63.860208582098494,0.0,297.08440536183906,-1531.5175310802742,3578.653125608661,-298.1650286511352,67.46976694380088,0.0,514.5040659280418,0.0
27,48,-2295.7141499099375,4369.7724726251645,-327.2787363462557,63.860208582098494,0.0,297.08440536183906,-1502.4753692850031,3517.753845730258,-298.1650286511352,67.46976694380088,0.0,514.5040659280418,0.0
27,49,-2352.5712411653644,4398.848191259812,-327.2787363462557,63.860208582098494,0.0,297.08440536183906,-1473.433207489732,3456.8545658518547,-298.1650286511352,67.46976694380088,0.0,514.5040659280418,0.0
28,0,-5453.794694433682,588.7493101880261,427.97725409945735,63.494723075181206,0.0,61.8492751977208,-3482.1043709833116,4076.2241358118954,451.6066422114187,60.6822513330167,0.0,174.78480441500253,0.0
28,1,-5397.810792210781,618.705654262206,427.97725409945735,63.494723075181206,0.0,61.8492751977208,-3476.588554680427,4015.79308917727,451.6066422114187,60.6822513330167,0.0,174.78480441500253,0.0
28,2,-5341.82688998788,648.6619983363862,427.97725409945735,63.494723075181206,0.0,61.8492751977208,-3471.072738377543,3955.362042542645,451.6066422114187,60.6822513330167,0.0,174.78480441500253,0.0
28,3,-5285.84298776498,678.6183424105664,427.97725409945735,63.494723075181206,0.0,61.8492751977208,-3465.5569220746584,3894.9309959080197,451.6066422114187,60.6822513330167,0.0,174.78480441500253,0.0
28,4,-5229.85908554208,708.5746864847465,427.97725409945735,63.494723075181206,0.0,61.8492751977208,-3460.0411057717743,3834.4999492733946,451.6066422114187,60.6822513330167,0.0,174.78480441500253,0.0
28,5,-5173.875183319179,738.5310305589267,427.97725409945735,63.494723075181206,0.0,61.8492751977208,-3454.52528946889,3774.068902638769,451.6066422114187,60.6822513330167,0.0,174.78480441500253,0.0
28,6,-5117.891281096278,768.4873746331068,427.97725409945735,63.494723075181206,0.0,61.8492751977208,-3449.0094731660056,3713.637856004144,451.6066422114187,60.6822513330167,0.0,174.78480441500253,0.0
28,7,-5061.907378873379,798.4437187072868,427.97725409945735,63.494723075181206,0.0,61.8492751977208,-3443.4936568631215,3653.206809369519,451.6066422114187,60.6822513330167,0.0,174.78480441500253,0.0
28,8,-5005.923476650478,828.400062781467,427.97725409945735,63.494723075181206,0.0,61.8492751977208,-3437.977840560237,3592.7757627348938,451.6066422114187,60.6822513330167,0.0,174.78480441500253,0.0
28,9,-4949.939574427577,858.3564068556472,427.97725409945735,63.494723075181206,0.0,61.8492751977208,-3432.462024257353,3532.3447161002687,451.6066422114187,60.6822513330167,0.0,174.78480441500253,0.0
28,10,-4893.955672204676,888.3127509298273,427.97725409945735,63.494723075181206,0.0,61.8492751977208,-3426.9462079544683,3471.9136694656436,451.6066422114187,60.6822513330167,0.0,174.78480441500253,0.0
28,11,-4837.971769981776,918.2690950040073,427.97725409945735,63.494723075181206,0.0,61.8492751977208,-3421.430391651584,3411.4826228310185,451.6066422114187,60.6822513330167,0.0,174.78480441500253,0.0
28,12,-4781.987867758876,948.2254390781876,427.97725409945735,63.494723075181206,0.0,61.8492751977208,-3415.9145753487,3351.0515761963934,451.6066422114187,60.6822513330167,0.0,174.78480441500253,0.0
28,13,-4726.003965535975,978.1817831523676,427.97725409945735,63.494723075181206,0.0,61.8492751977208,-3410.3987590458155,3290.620529561768,451.6066422114187,60.6822513330167,0.0,174.78480441500253,0.0
28,14,-4670.020063313075,1008.1381272265478,427.97725409945735,63.494723075181206,0.0,61.8492751977208,-3404.8829427429314,3230.1894829271428,451.6066422114187,60.6822513330167,0.0,174.78480441500253,0.0
28,15,-4614.036161090175,1038.094471300728,427.97725409945735,63.494723075181206,0.0,61.8492751977208,-3399.3671264400473,3169.7584362925177,451.6066422114187,60.6822513330167,0.0,174.78480441500253,0.0
28,16,-4558.052258867274,1068.050815374908,427.97725409945735,63.494723075181206,0.0,61.8492751977208,-3393.8513101371627,3109.327389657892,451.6066422114187,60.6822513330167,0.0,174.78480441500253,0.0
28,17,-4502.068356644373,1098.0071594490882,427.97725409945735,63.494723075181206,0.0,61.8492751977208,-3388.3354938342786,3048.896343023267,451.6066422114187,60.6822513330167,0.0,174.78480441500253,0.0
28,18,-4446.084454421472,1127.9635035232684,427.97725409945735,63.494723075181206,0.0,61.8492751977208,-3382.819677531394,2988.465296388642,451.6066422114187,60.6822513330167,0.0,174.78480441500253,0.0
28,19,-4390.100552198573,1157.9198475974486,427.97725409945735,63.494723075181206,0.0,61.8492751977208,-3377.30386122851,2928.034249754017,451.6066422114187,60.6822513330167,0.0,174.78480441500253,0.0
28,20,-4334.116649975672,1187.8761916716285,427.97725409945735,63.494723075181206,0.0,61.8492751977208,-3371.7880449256254,2867.6032031193918,451.6066422114187,60.6822513330167,0.0,174.78480441500253,0.0
28,21,-4278.132747752771,1217.8325357458089,427.97725409945735,63.494723075181206,0.0,61.8492751977208,-3366.2722286227413,2807.1721564847667,451.6066422114187,60.6822513330167,0.0,174.78480441500253,0.0
28,22,-4222.148845529871,1247.7888798199888,427.97725409945735,63.494723075181206,0.0,61.8492751977208,-3360.756412319857,2746.7411098501416,451.6066422114187,60.6822513330167,0.0,174.78480441500253,0.0
28,23,-4166.164943306971,1277.745223894169,427.97725409945735,63.494723075181206,0.0,61.8492751977208,-3355.2405960169726,2686.3100632155165,451.6066422114187,60.6822513330167,0.0,174.78480441500253,0.0
28,24,-4110.18104108407,1307.701567968349,427.97725409945735,63.494723075181206,0.0,61.8492751977208,-3349.7247797140885,2625.879016580891,451.6066422114187,60.6822513330167,0.0,174.78480441500253,0.0
28,25,-4054.197138861169,1337.6579120425292,427.97725409945735,63.494723075181206,0.0,61.8492751977208,-3344.2089634112044,2565.447969946266,451.6066422114187,60.6822513330167,0.0,174.78480441500253,0.0
28,26,-3998.213236638269,1367.6142561167094,427.97725409945735,63.494723075181206,0.0,61.8492751977208,-3338.69314710832,2505.0169233116408,451.6066422114187,60.6822513330167,0.0,174.78480441500253,0.0
28,27,-3942.2293344153686,1397.5706001908895,427.97725409945735,63.494723075181206,0.0,61.8492751977208,-3333.1773308054358,2444.5858766770157,451.6066422114187,60.6822513330167,0.0,174.78480441500253,0.0
28,28,-3886.245432192468,1427.5269442650697,427.97725409945735,63.494723075181206,0.0,61.8492751977208,-3327.661514502551,2384.1548300423906,451.6066422114187,60.6822513330167,0.0,174.78480441500253,0.0
28,29,-3830.2615299695676,1457.4832883392498,427.97725409945735,63.494723075181206,0.0,61.8492751977208,-3322.145698199667,2323.723783407765,451.6066422114187,60.6822513330167,0.0,174.78480441500253,0.0
28,30,-3774.277627746667,1487.43963241343,427.97725409945735,63.494723075181206,0.0,61.8492751977208,-3316.6298818967825,2263.29273677314,451.6066422114187,60.6822513330167,0.0,174.78480441500253,0.0
28,31,-3718.2937255237666,1517.3959764876101,427.97725409945735,63.494723075181206,0.0,61.8492751977208,-3311.1140655938984,2202.861690138515,451.6066422114187,60.6822513330167,0.0,174.78480441500253,0.0
28,32,-3662.309823300866,1547.3523205617903,427.97725409945735,63.494723075181206,0.0,61.8492751977208,-3305.5982492910143,2142.4306435038898,451.6066422114187,60.6822513330167,0.0,174.78480441500253,0.0
28,33,-3606.3259210779656,1577.3086646359702,427.97725409945735,63.494723075181206,0.0,61.8492751977208,-3300.0824329881298,2081.9995968692647,451.6066422114187,60.6822513330167,0.0,174.78480441500253,0.0
28,34,-3550.342018855065,1607.2650087101504,427.97725409945735,63.494723075181206,0.0,61.8492751977208,-3294.5666166852457,2021.5685502346394,451.6066422114187,60.6822513330167,0.0,174.78480441500253,0.0
28,35,-3494.3581166321646,1637.2213527843305,427.97725409945735,63.494723075181206,0.0,61.8492751977208,-3289.050800382361,1961.1375036000143,451.6066422114187,60.6822513330167,0.0,174.78480441500253,0.0
28,36,-3438.374214409264,1667.1776968585107,427.97725409945735,63.494723075181206,0.0,61.8492751977208,-3283.534984079477,1900.706456965389,451.6066422114187,60.6822513330167,0.0,174.78480441500253,0.0
28,37,-3382.3903121863636,1697.1340409326908,427.97725409945735,63.494723075181206,0.0,61.8492751977208,-3278.019167776593,1840.2754103307639,451.6066422114187,60.6822513330167,0.0,174.78480441500253,0.0
28,38,-3326.406409963463,1727.090385006871,427.97725409945735,63.494723075181206,0.0,61.8492751977208,-3272.5033514737083,1779.8443636961385,451.6066422114187,60.6822513330167,0.0,174.78480441500253,0.0
28,39,-3270.4225077405627,1757.0467290810511,427.97725409945735,63.494723075181206,0.0,61.8492751977208,-3266.9875351708242,1719.4133170615135,451.6066422114187,60.6822513330167,0.0,174.78480441500253,0.0
28,40,-3214.4386055176624,1787.0030731552313,427.97725409945735,63.494723075181206,0.0,61.8492751977208,-3261.4717188679397,1658.9822704268884,451.6066422114187,60.6822513330167,0.0,174.78480441500253,0.0
28,41,-3158.4547032947617,1816.9594172294114,427.97725409945735,63.494723075181206,0.0,61.8492751977208,-3255.9559025650556,1598.551223792263,451.6066422114187,60.6822513330167,0.0,174.78480441500253,0.0
28,42,-3102.4708010718614,1846.9157613035916,427.97725409945735,63.494723075181206,0.0,61.8492751977208,-3250.4400862621715,1538.120177157638,451.6066422114187,60.6822513330167,0.0,174.78480441500253,0.0
28,43,-3046.4868988489607,1876.8721053777717,427.97725409945735,63.494723075181206,0.0,61.8492751977208,-3244.924269959287,1477.6891305230129,451.6066422114187,60.6822513330167,0.0,174.78480441500253,0.0
28,44,-2990.5029966260604,1906.8284494519519,427.97725409945735,63.494723075181206,0.0,61.8492751977208,-3239.408453656403,1417.2580838883875,451.6066422114187,60.6822513330167,0.0,174.78480441500253,0.0
28,45,-2934.5190944031597,1936.784793526132,427.97725409945735,63.494723075181206,0.0,61.8492751977208,-3233.8926373535182,1356.8270372537625,451.6066422114187,60.6822513330167,0.0,174.78480441500253,0.0
28,46,-2878.5351921802594,1966.741137600312,427.97725409945735,63.494723075181206,0.0,61.8492751977208,-3228.376821050634,1296.3959906191371,451.6066422114187,60.6822513330167,0.0,174.78480441500253,0.0
28,47,-2822.5512899573587,1996.697481674492,427.97725409945735,63.494723075181206,0.0,61.8492751977208,-3222.8610047477496,1235.964943984512,451.6066422114187,60.6822513330167,0.0,174.78480441500253,0.0
28,48,-2766.5673877344584,2026.6538257486723,427.97725409945735,63.494723075181206,0.0,61.8492751977208,-3217.3451884448655,1175.533897349887,451.6066422114187,60.6822513330167,0.0,174.78480441500253,0.0
28,49,-2710.5834855115577,2056.6101698228526,427.97725409945735,63.494723075181206,0.0,61.8492751977208,-3211.8293721419814,1115.1028507152619,451.6066422114187,60.6822513330167,0.0,174.78480441500253,0.0
29,0,506.10007639149217,-666.1074000823569,-354.88010251926704,65.07415750620409,0.0,32.72473025465134,3149.916480259961,3687.038163123512,-329.80447777237,66.01038612972616,0.0,209.82956004259356,0.0
29,1,541.2793928336041,-611.3619740651266,-354.88010251926704,65.07415750620409,0.0,32.72473025465134,3117.0814888710447,3629.773563085746,-329.80447777237,66.01038612972616,0.0,209.82956004259356,0.0
29,2,576.4587092757158,-556.6165480478967,-354.88010251926704,65.07415750620409,0.0,32.72473025465134,3084.246497482128,3572.5089630479797,-329.80447777237,66.01038612972616,0.0,209.82956004259356,0.0
29,3,611.6380257178275,-501.87112203066636,-354.88010251926704,65.07415750620409,0.0,32.72473025465134,3051.411506093211,3515.244363010214,-329.80447777237,66.01038612972616,0.0,209.82956004259356,0.0
29,4,646.8173421599392,-447.12569601343625,-354.88010251926704,65.07415750620409,0.0,32.72473025465134,3018.576514704294,3457.979762972448,-329.80447777237,66.01038612972616,0.0,209.82956004259356,0.0
29,5,681.9966586020512,-392.3802699962059,-354.88010251926704,65.07415750620409,0.0,32.72473025465134,2985.741523315378,3400.7151629346818,-329.80447777237,66.01038612972616,0.0,209.82956004259356,0.0
29,6,717.1759750441627,-337.63484397897605,-354.88010251926704,65.07415750620409,0.0,32.72473025465134,2952.906531926461,3343.450562896916,-329.80447777237,66.01038612972616,0.0,209.82956004259356,0.0
29,7,752.3552914862746,-282.8894179617455,-354.88010251926704,65.07415750620409,0.0,32.72473025465134,2920.071540537544,3286.18596285915,-329.80447777237,66.01038612972616,0.0,209.82956004259356,0.0
29,8,787.5346079283863,-228.1439919445154,-354.88010251926704,65.07415750620409,0.0,32.72473025465134,2887.236549148627,3228.921362821384,-329.80447777237,66.01038612972616,0.0,209.82956004259356,0.0
29,9,822.713924370498,-173.3985659272853,-354.88010251926704,65.07415750620409,0.0,32.72473025465134,2854.4015577597106,3171.656762783618,-329.80447777237,66.01038612972616,0.0,209.82956004259356,0.0
29,10,857.8932408126097,-118.65313991005496,-354.88010251926704,65.07415750620409,0.0,32.72473025465134,2821.566566370794,3114.392162745852,-329.80447777237,66.01038612972616,0.0,209.82956004259356,0.0
29,11,893.0725572547216,-63.90771389282486,-354.88010251926704,65.07415750620409,0.0,32.72473025465134,2788.731574981877,3057.127562708086,-329.80447777237,66.01038612972616,0.0,209.82956004259356,0.0
29,12,928.2518736968333,-9.162287875594757,-354.88010251926704,65.07415750620409,0.0,32.72473025465134,2755.8965835929603,2999.8629626703196,-329.80447777237,66.01038612972616,0.0,209.82956004259356,0.0
29,13,963.431190138945,45.58313814163557,-354.88010251926704,65.07415750620409,0.0,32.72473025465134,2723.061592204044,2942.5983626325537,-329.80447777237,66.01038612972616,0.0,209.82956004259356,0.0
29,14,998.6105065810567,100.32856415886567,-354.88010251926704,65.07415750620409,0.0,32.72473025465134,2690.2266008151273,2885.333762594788,-329.80447777237,66.01038612972616,0.0,209.82956004259356,0.0
29,15,1033.7898230231685,155.07399017609578,-354.88010251926704,65.07415750620409,0.0,32.72473025465134,2657.3916094262104,2828.0691625570216,-329.80447777237,66.01038612972616,0.0,209.82956004259356,0.0
29,16,1068.9691394652805,209.8194161933261,-354.88010251926704,65.07415750620409,0.0,32.72473025465134,2624.5566180372934,2770.804562519256,-329.80447777237,66.01038612972616,0.0,209.82956004259356,0.0
29,17,1104.148455907392,264.56484221055644,-354.88010251926704,65.07415750620409,0.0,32.72473025465134,2591.721626648377,2713.53996248149,-329.80447777237,66.01038612972616,0.0,209.82956004259356,0.0
29,18,1139.327772349504,319.31026822778654,-354.88010251926704,65.07415750620409,0.0,32.72473025465134,2558.88663525946,2656.2753624437237,-329.80447777237,66.01038612972616,0.0,209.82956004259356,0.0
29,19,1174.5070887916156,374.05569424501664,-354.88010251926704,65.07415750620409,0.0,32.72473025465134,2526.0516438705436,2599.010762405958,-329.80447777237,66.01038612972616,0.0,209.82956004259356,0.0
29,20,1209.6864052337273,428.80112026224697,-354.88010251926704,65.07415750620409,0.0,32.72473025465134,2493.2166524816266,2541.746162368192,-329.80447777237,66.01038612972616,0.0,209.82956004259356,0.0
29,21,1244.865721675839,483.54654627947707,-354.88010251926704,65.07415750620409,0.0,32.72473025465134,2460.3816610927097,2484.4815623304257,-329.80447777237,66.01038612972616,0.0,209.82956004259356,0.0
29,22,1280.0450381179508,538.2919722967073,-354.88010251926704,65.07415750620409,0.0,32.72473025465134,2427.546669703793,2427.21696229266,-329.80447777237,66.01038612972616,0.0,209.82956004259356,0.0
29,23,1315.2243545600627,593.0373983139375,-354.88010251926704,65.07415750620409,0.0,32.72473025465134,2394.7116783148767,2369.952362254894,-329.80447777237,66.01038612972616,0.0,209.82956004259356,0.0
29,24,1350.4036710021742,647.7828243311676,-354.88010251926704,65.07415750620409,0.0,32.72473025465134,2361.87668692596,2312.687762217128,-329.80447777237,66.01038612972616,0.0,209.82956004259356,0.0
29,25,1385.5829874442861,702.5282503483978,-354.88010251926704,65.07415750620409,0.0,32.72473025465134,2329.041695537043,2255.423162179362,-329.80447777237,66.01038612972616,0.0,209.82956004259356,0.0
29,26,1420.7623038863978,757.273676365628,-354.88010251926704,65.07415750620409,0.0,32.72473025465134,2296.2067041481264,2198.1585621415957,-329.80447777237,66.01038612972616,0.0,209.82956004259356,0.0
29,27,1455.9416203285095,812.0191023828581,-354.88010251926704,65.07415750620409,0.0,32.72473025465134,2263.3717127592095,2140.89396210383,-329.80447777237,66.01038612972616,0.0,209.82956004259356,0.0
29,28,1491.1209367706213,866.7645284000885,-354.88010251926704,65.07415750620409,0.0,32.72473025465134,2230.536721370293,2083.629362066064,-329.80447777237,66.01038612972616,0.0,209.82956004259356,0.0
29,29,1526.300253212733,921.5099544173186,-354.88010251926704,65.07415750620409,0.0,32.72473025465134,2197.701729981376,2026.3647620282977,-329.80447777237,66.01038612972616,0.0,209.82956004259356,0.0
29,30,1561.479569654845,976.2553804345488,-354.88010251926704,65.07415750620409,0.0,32.72473025465134,2164.866738592459,1969.100161990532,-329.80447777237,66.01038612972616,0.0,209.82956004259356,0.0
29,31,1596.6588860969566,1031.000806451779,-354.88010251926704,65.07415750620409,0.0,32.72473025465134,2132.0317472035426,1911.8355619527658,-329.80447777237,66.01038612972616,0.0,209.82956004259356,0.0
29,32,1631.8382025390683,1085.746232469009,-354.88010251926704,65.07415750620409,0.0,32.72473025465134,2099.196755814626,1854.5709619149998,-329.80447777237,66.01038612972616,0.0,209.82956004259356,0.0
29,33,1667.01751898118,1140.4916584862394,-354.88010251926704,65.07415750620409,0.0,32.72473025465134,2066.361764425709,1797.306361877234,-329.80447777237,66.01038612972616,0.0,209.82956004259356,0.0
29,34,1702.1968354232918,1195.2370845034695,-354.88010251926704,65.07415750620409,0.0,32.72473025465134,2033.5267730367925,1740.0417618394679,-329.80447777237,66.01038612972616,0.0,209.82956004259356,0.0
29,35,1737.3761518654035,1249.9825105206996,-354.88010251926704,65.07415750620409,0.0,32.72473025465134,2000.6917816478758,1682.7771618017018,-329.80447777237,66.01038612972616,0.0,209.82956004259356,0.0
29,36,1772.5554683075152,1304.72793653793,-354.88010251926704,65.07415750620409,0.0,32.72473025465134,1967.856790258959,1625.5125617639358,-329.80447777237,66.01038612972616,0.0,209.82956004259356,0.0
29,37,1807.7347847496271,1359.47336255516,-354.88010251926704,65.07415750620409,0.0,32.72473025465134,1935.0217988700424,1568.24796172617,-329.80447777237,66.01038612972616,0.0,209.82956004259356,0.0
29,38,1842.9141011917388,1414.2187885723904,-354.88010251926704,65.07415750620409,0.0,32.72473025465134,1902.1868074811255,1510.9833616884039,-329.80447777237,66.01038612972616,0.0,209.82956004259356,0.0
29,39,1878.0934176338505,1468.9642145896205,-354.88010251926704,65.07415750620409,0.0,32.72473025465134,1869.3518160922088,1453.7187616506378,-329.80447777237,66.01038612972616,0.0,209.82956004259356,0.0
29,40,1913.2727340759623,1523.7096406068506,-354.88010251926704,65.07415750620409,0.0,32.72473025465134,1836.516824703292,1396.4541616128718,-329.80447777237,66.01038612972616,0.0,209.82956004259356,0.0
29,41,1948.452050518074,1578.455066624081,-354.88010251926704,65.07415750620409,0.0,32.72473025465134,1803.6818333143754,1339.189561575106,-329.80447777237,66.01038612972616,0.0,209.82956004259356,0.0
29,42,1983.631366960186,1633.200492641311,-354.88010251926704,65.07415750620409,0.0,32.72473025465134,1770.8468419254586,1281.9249615373399,-329.80447777237,66.01038612972616,0.0,209.82956004259356,0.0
29,43,2018.8106834022976,1687.9459186585414,-354.88010251926704,65.07415750620409,0.0,32.72473025465134,1738.011850536542,1224.6603614995738,-329.80447777237,66.01038612972616,0.0,209.82956004259356,0.0
29,44,2053.9899998444093,1742.6913446757715,-354.88010251926704,65.07415750620409,0.0,32.72473025465134,1705.1768591476252,1167.395761461808,-329.80447777237,66.01038612972616,0.0,209.82956004259356,0.0
29,45,2089.1693162865213,1797.4367706930016,-354.88010251926704,65.07415750620409,0.0,32.72473025465134,1672.3418677587085,1110.131161424042,-329.80447777237,66.01038612972616,0.0,209.82956004259356,0.0
29,46,2124.3486327286328,1852.182196710232,-354.88010251926704,65.07415750620409,0.0,32.72473025465134,1639.5068763697918,1052.8665613862759,-329.80447777237,66.01038612972616,0.0,209.82956004259356,0.0
29,47,2159.5279491707447,1906.927622727462,-354.88010251926704,65.07415750620409,0.0,32.72473025465134,1606.671884980875,995.6019613485098,-329.80447777237,66.01038612972616,0.0,209.82956004259356,0.0
29,48,2194.707265612856,1961.673048744692,-354.88010251926704,65.07415750620409,0.0,32.72473025465134,1573.8368935919584,938.3373613107437,-329.80447777237,66.01038612972616,0.0,209.82956004259356,0.0
29,49,2229.886582054968,2016.4184747619224,-354.88010251926704,65.07415750620409,0.0,32.72473025465134,1541.0019022030415,881.0727612729778,-329.80447777237,66.01038612972616,0.0,209.82956004259356,0.0
30,0,-1470.5877948773532,1478.6231861224132,-178.3719023631508,62.62443663520088,0.0,292.62968751858466,-6193.527815725252,1497.1867691342622,-158.18316634677433,69.93464541283626,0.0,429.53646387119835,0.0
30,1,-1528.3908370391268,1502.7194177929566,-178.3719023631508,62.62443663520088,0.0,292.62968751858466,-6128.0064047383075,1521.6367043345672,-158.18316634677433,69.93464541283626,0.0,429.53646387119835,0.0
30,2,-1586.1938792009005,1526.8156494634998,-178.3719023631508,62.62443663520088,0.0,292.62968751858466,-6062.484993751364,1546.0866395348723,-158.18316634677433,69.93464541283626,0.0,429.53646387119835,0.0
30,3,-1643.9969213626741,1550.911881134043,-178.3719023631508,62.62443663520088,0.0,292.62968751858466,-5996.96358276442,1570.536574735177,-158.18316634677433,69.93464541283626,0.0,429.53646387119835,0.0
30,4,-1701.7999635244485,1575.0081128045863,-178.3719023631508,62.62443663520088,0.0,292.62968751858466,-5931.442171777476,1594.986509935482,-158.18316634677433,69.93464541283626,0.0,429.53646387119835,0.0
30,5,-1759.603005686222,1599.1043444751294,-178.3719023631508,62.62443663520088,0.0,292.62968751858466,-5865.920760790532,1619.436445135787,-158.18316634677433,69.93464541283626,0.0,429.53646387119835,0.0
30,6,-1817.4060478479962,1623.2005761456728,-178.3719023631508,62.62443663520088,0.0,292.62968751858466,-5800.399349803588,1643.8863803360919,-158.18316634677433,69.93464541283626,0.0,429.53646387119835,0.0
30,7,-1875.2090900097699,1647.296807816216,-178.3719023631508,62.62443663520088,0.0,292.62968751858466,-5734.877938816644,1668.336315536397,-158.18316634677433,69.93464541283626,0.0,429.53646387119835,0.0
30,8,-1933.0121321715435,1671.3930394867593,-178.3719023631508,62.62443663520088,0.0,292.62968751858466,-5669.356527829699,1692.7862507367017,-158.18316634677433,69.93464541283626,0.0,429.53646387119835,0.0
30,9,-1990.8151743333174,1695.4892711573025,-178.3719023631508,62.62443663520088,0.0,292.62968751858466,-5603.835116842756,1717.2361859370067,-158.18316634677433,69.93464541283626,0.0,429.53646387119835,0.0
30,10,-2048.618216495091,1719.5855028278456,-178.3719023631508,62.62443663520088,0.0,292.62968751858466,-5538.313705855811,1741.6861211373116,-158.18316634677433,69.93464541283626,0.0,429.53646387119835,0.0
30,11,-2106.4212586568647,1743.6817344983888,-178.3719023631508,62.62443663520088,0.0,292.62968751858466,-5472.792294868867,1766.1360563376165,-158.18316634677433,69.93464541283626,0.0,429.53646387119835,0.0
30,12,-2164.2243008186388,1767.777966168932,-178.3719023631508,62.62443663520088,0.0,292.62968751858466,-5407.2708838819235,1790.5859915379215,-158.18316634677433,69.93464541283626,0.0,429.53646387119835,0.0
30,13,-2222.0273429804124,1791.8741978394753,-178.3719023631508,62.62443663520088,0.0,292.62968751858466,-5341.74947289498,1815.0359267382264,-158.18316634677433,69.93464541283626,0.0,429.53646387119835,0.0
30,14,-2279.830385142186,1815.9704295100184,-178.3719023631508,62.62443663520088,0.0,292.62968751858466,-5276.228061908036,1839.4858619385313,-158.18316634677433,69.93464541283626,0.0,429.53646387119835,0.0
30,15,-2337.63342730396,1840.0666611805618,-178.3719023631508,62.62443663520088,0.0,292.62968751858466,-5210.706650921092,1863.9357971388363,-158.18316634677433,69.93464541283626,0.0,429.53646387119835,0.0
30,16,-2395.4364694657343,1864.162892851105,-178.3719023631508,62.62443663520088,0.0,292.62968751858466,-5145.185239934148,1888.3857323391414,-158.18316634677433,69.93464541283626,0.0,429.53646387119835,0.0
30,17,-2453.239511627508,1888.2591245216481,-178.3719023631508,62.62443663520088,0.0,292.62968751858466,-5079.663828947204,1912.8356675394461,-158.18316634677433,69.93464541283626,0.0,429.53646387119835,0.0
30,18,-2511.0425537892816,1912.3553561921913,-178.3719023631508,62.62443663520088,0.0,292.62968751858466,-5014.14241796026,1937.285602739751,-158.18316634677433,69.93464541283626,0.0,429.53646387119835,0.0
30,19,-2568.8455959510557,1936.4515878627346,-178.3719023631508,62.62443663520088,0.0,292.62968751858466,-4948.621006973315,1961.735537940056,-158.18316634677433,69.93464541283626,0.0,429.53646387119835,0.0
30,20,-2626.648638112829,1960.547819533278,-178.3719023631508,62.62443663520088,0.0,292.62968751858466,-4883.099595986371,1986.185473140361,-158.18316634677433,69.93464541283626,0.0,429.53646387119835,0.0
30,21,-2684.451680274603,1984.6440512038212,-178.3719023631508,62.62443663520088,0.0,292.62968751858466,-4817.578184999427,2010.635408340666,-158.18316634677433,69.93464541283626,0.0,429.53646387119835,0.0
30,22,-2742.2547224363766,2008.7402828743643,-178.3719023631508,62.62443663520088,0.0,292.62968751858466,-4752.056774012483,2035.0853435409708,-158.18316634677433,69.93464541283626,0.0,429.53646387119835,0.0
30,23,-2800.0577645981507,2032.8365145449075,-178.3719023631508,62.62443663520088,0.0,292.62968751858466,-4686.5353630255395,2059.5352787412758,-158.18316634677433,69.93464541283626,0.0,429.53646387119835,0.0
30,24,-2857.8608067599243,2056.9327462154506,-178.3719023631508,62.62443663520088,0.0,292.62968751858466,-4621.013952038596,2083.9852139415807,-158.18316634677433,69.93464541283626,0.0,429.53646387119835,0.0
30,25,-2915.663848921698,2081.028977885994,-178.3719023631508,62.62443663520088,0.0,292.62968751858466,-4555.492541051652,2108.4351491418856,-158.18316634677433,69.93464541283626,0.0,429.53646387119835,0.0
30,26,-2973.4668910834716,2105.1252095565374,-178.3719023631508,62.62443663520088,0.0,292.62968751858466,-4489.971130064708,2132.8850843421906,-158.18316634677433,69.93464541283626,0.0,429.53646387119835,0.0
30,27,-3031.2699332452457,2129.2214412270805,-178.3719023631508,62.62443663520088,0.0,292.62968751858466,-4424.449719077764,2157.3350195424955,-158.18316634677433,69.93464541283626,0.0,429.53646387119835,0.0
30,28,-3089.07297540702,2153.3176728976237,-178.3719023631508,62.62443663520088,0.0,292.62968751858466,-4358.928308090819,2181.7849547428004,-158.18316634677433,69.93464541283626,0.0,429.53646387119835,0.0
30,29,-3146.8760175687935,2177.413904568167,-178.3719023631508,62.62443663520088,0.0,292.62968751858466,-4293.406897103875,2206.2348899431054,-158.18316634677433,69.93464541283626,0.0,429.53646387119835,0.0
30,30,-3204.679059730567,2201.51013623871,-178.3719023631508,62.62443663520088,0.0,292.62968751858466,-4227.885486116931,2230.6848251434103,-158.18316634677433,69.93464541283626,0.0,429.53646387119835,0.0
30,31,-3262.482101892341,2225.6063679092535,-178.3719023631508,62.62443663520088,0.0,292.62968751858466,-4162.364075129987,2255.1347603437152,-158.18316634677433,69.93464541283626,0.0,429.53646387119835,0.0
30,32,-3320.285144054115,2249.7025995797967,-178.3719023631508,62.62443663520088,0.0,292.62968751858466,-4096.842664143043,2279.58469554402,-158.18316634677433,69.93464541283626,0.0,429.53646387119835,0.0
30,33,-3378.0881862158885,2273.79883125034,-178.3719023631508,62.62443663520088,0.0,292.62968751858466,-4031.3212531560994,2304.034630744325,-158.18316634677433,69.93464541283626,0.0,429.53646387119835,0.0
30,34,-3435.891228377662,2297.895062920883,-178.3719023631508,62.62443663520088,0.0,292.62968751858466,-3965.7998421691555,2328.48456594463,-158.18316634677433,69.93464541283626,0.0,429.53646387119835,0.0
30,35,-3493.6942705394363,2321.991294591426,-178.3719023631508,62.62443663520088,0.0,292.62968751858466,-3900.278431182211,2352.934501144935,-158.18316634677433,69.93464541283626,0.0,429.53646387119835,0.0
30,36,-3551.49731270121,2346.0875262619693,-178.3719023631508,62.62443663520088,0.0,292.62968751858466,-3834.757020195267,2377.38443634524,-158.18316634677433,69.93464541283626,0.0,429.53646387119835,0.0
30,37,-3609.3003548629836,2370.183757932513,-178.3719023631508,62.62443663520088,0.0,292.62968751858466,-3769.2356092083232,2401.834371545545,-158.18316634677433,69.93464541283626,0.0,429.53646387119835,0.0
30,38,-3667.1033970247577,2394.279989603056,-178.3719023631508,62.62443663520088,0.0,292.62968751858466,-3703.7141982213793,2426.28430674585,-158.18316634677433,69.93464541283626,0.0,429.53646387119835,0.0
30,39,-3724.9064391865313,2418.376221273599,-178.3719023631508,62.62443663520088,0.0,292.62968751858466,-3638.1927872344354,2450.7342419461547,-158.18316634677433,69.93464541283626,0.0,429.53646387119835,0.0
30,40,-3782.709481348305,2442.4724529441423,-178.3719023631508,62.62443663520088,0.0,292.62968751858466,-3572.671376247491,2475.1841771464597,-158.18316634677433,69.93464541283626,0.0,429.53646387119835,0.0
30,41,-3840.512523510079,2466.5686846146855,-178.3719023631508,62.62443663520088,0.0,292.62968751858466,-3507.149965260547,2499.6341123467646,-158.18316634677433,69.93464541283626,0.0,429.53646387119835,0.0
30,42,-3898.3155656718527,2490.664916285229,-178.3719023631508,62.62443663520088,0.0,292.62968751858466,-3441.628554273603,2524.0840475470695,-158.18316634677433,69.93464541283626,0.0,429.53646387119835,0.0
30,43,-3956.1186078336264,2514.7611479557722,-178.3719023631508,62.62443663520088,0.0,292.62968751858466,-3376.1071432866593,2548.5339827473745,-158.18316634677433,69.93464541283626,0.0,429.53646387119835,0.0
30,44,-4013.9216499954005,2538.8573796263154,-178.3719023631508,62.62443663520088,0.0,292.62968751858466,-3310.5857322997153,2572.9839179476794,-158.18316634677433,69.93464541283626,0.0,429.53646387119835,0.0
30,45,-4071.724692157174,2562.9536112968585,-178.3719023631508,62.62443663520088,0.0,292.62968751858466,-3245.064321312771,2597.4338531479843,-158.18316634677433,69.93464541283626,0.0,429.53646387119835,0.0
30,46,-4129.527734318948,2587.0498429674017,-178.3719023631508,62.62443663520088,0.0,292.62968751858466,-3179.542910325827,2621.8837883482893,-158.18316634677433,69.93464541283626,0.0,429.53646387119835,0.0
30,47,-4187.330776480721,2611.146074637945,-178.3719023631508,62.62443663520088,0.0,292.62968751858466,-3114.021499338883,2646.333723548594,-158.18316634677433,69.93464541283626,0.0,429.53646387119835,0.0
30,48,-4245.1338186424955,2635.2423063084884,-178.3719023631508,62.62443663520088,0.0,292.62968751858466,-3048.500088351939,2670.783658748899,-158.18316634677433,69.93464541283626,0.0,429.53646387119835,0.0
30,49,-4302.93686080427,2659.3385379790316,-178.3719023631508,62.62443663520088,0.0,292.62968751858466,-2982.978677364995,2695.233593949204,-158.18316634677433,69.93464541283626,0.0,429.53646387119835,0.0
