enc_number,t,x0,y0,z0,v0,dh0,theta0,x1,y1,z1,v1,dh1,theta1,advisory
1,0,-644.2731006411627,184.95952511490395,241.79868815580653,61.87640034218445,0.0,288.6873109332707,-4252.084879819591,-1312.2962233059775,265.28364263481154,68.11602871579608,0.0,390.2079294436885,0.0
1,1,-702.8874550838837,204.78492227534832,241.79868815580653,61.87640034218445,0.0,288.6873109332707,-4217.813011576827,-1253.4299985657935,265.28364263481154,68.11602871579608,0.0,390.2079294436885,0.0
1,2,-761.5018095266046,224.6103194357927,241.79868815580653,61.87640034218445,0.0,288.6873109332707,-4183.541143334065,-1194.56377382561,265.28364263481154,68.11602871579608,0.0,390.2079294436885,0.0
1,3,-820.116163969326,244.43571659623706,241.79868815580653,61.87640034218445,0.0,288.6873109332707,-4149.269275091301,-1135.6975490854265,265.28364263481154,68.11602871579608,0.0,390.2079294436885,0.0
1,4,-878.7305184120469,264.2611137566814,241.79868815580653,61.87640034218445,0.0,288.6873109332707,-4114.997406848537,-1076.8313243452424,265.28364263481154,68.11602871579608,0.0,390.2079294436885,0.0
1,5,-937.3448728547678,284.0865109171257,241.79868815580653,61.87640034218445,0.0,288.6873109332707,-4080.725538605774,-1017.9650996050591,265.28364263481154,68.11602871579608,0.0,390.2079294436885,0.0
1,6,-995.9592272974887,303.91190807757016,241.79868815580653,61.87640034218445,0.0,288.6873109332707,-4046.453670363011,-959.0988748648754,265.28364263481154,68.11602871579608,0.0,390.2079294436885,0.0
1,7,-1054.5735817402099,323.7373052380145,241.79868815580653,61.87640034218445,0.0,288.6873109332707,-4012.181802120248,-900.2326501246914,265.28364263481154,68.11602871579608,0.0,390.2079294436885,0.0
1,8,-1113.187936182931,343.5627023984589,241.79868815580653,61.87640034218445,0.0,288.6873109332707,-3977.909933877484,-841.3664253845075,265.28364263481154,68.11602871579608,0.0,390.2079294436885,0.0
1,9,-1171.8022906256517,363.38809955890315,241.79868815580653,61.87640034218445,0.0,288.6873109332707,-3943.638065634721,-782.5002006443237,265.28364263481154,68.11602871579608,0.0,390.2079294436885,0.0
1,10,-1230.4166450683729,383.21349671934763,241.79868815580653,61.87640034218445,0.0,288.6873109332707,-3909.3661973919575,-723.63397590414,265.28364263481154,68.11602871579608,0.0,390.2079294436885,0.0
1,11,-1289.030999511094,403.038893879792,241.79868815580653,61.87640034218445,0.0,288.6873109332707,-3875.094329149194,-664.7677511639561,265.28364263481154,68.11602871579608,0.0,390.2079294436885,0.0
1,12,-1347.645353953815,422.86429104023625,241.79868815580653,61.87640034218445,0.0,288.6873109332707,-3840.822460906431,-605.9015264237723,265.28364263481154,68.11602871579608,0.0,390.2079294436885,0.0
1,13,-1406.2597083965359,442.68968820068073,241.79868815580653,61.87640034218445,0.0,288.6873109332707,-3806.5505926636674,-547.0353016835886,265.28364263481154,68.11602871579608,0.0,390.2079294436885,0.0
1,14,-1464.874062839257,462.51508536112505,241.79868815580653,61.87640034218445,0.0,288.6873109332707,-3772.278724420904,-488.1690769434049,265.28364263481154,68.11602871579608,0.0,390.2079294436885,0.0
1,15,-1523.4884172819782,482.34048252156947,241.79868815580653,61.87640034218445,0.0,288.6873109332707,-3738.006856178141,-429.30285220322116,265.28364263481154,68.11602871579608,0.0,390.2079294436885,0.0
1,16,-1582.1027717246989,502.1658796820138,241.79868815580653,61.87640034218445,0.0,288.6873109332707,-3703.7349879353774,-370.4366274630372,265.28364263481154,68.11602871579608,0.0,390.2079294436885,0.0
1,17,-1640.71712616742,521.9912768424581,241.79868815580653,61.87640034218445,0.0,288.6873109332707,-3669.463119692614,-311.5704027228535,265.28364263481154,68.11602871579608,0.0,390.2079294436885,0.0
1,18,-1699.3314806101412,541.8166740029026,241.79868815580653,61.87640034218445,0.0,288.6873109332707,-3635.191251449851,-252.70417798267,265.28364263481154,68.11602871579608,0.0,390.2079294436885,0.0
1,19,-1757.945835052862,561.6420711633468,241.79868815580653,61.87640034218445,0.0,288.6873109332707,-3600.9193832070873,-193.83795324248604,265.28364263481154,68.11602871579608,0.0,390.2079294436885,0.0
1,20,-1816.560189495583,581.4674683237913,241.79868815580653,61.87640034218445,0.0,288.6873109332707,-3566.647514964324,-134.97172850230208,265.28364263481154,68.11602871579608,0.0,390.2079294436885,0.0
1,21,-1875.1745439383042,601.2928654842356,241.79868815580653,61.87640034218445,0.0,288.6873109332707,-3532.3756467215608,-76.10550376211859,265.28364263481154,68.11602871579608,0.0,390.2079294436885,0.0
1,22,-1933.788898381025,621.1182626446799,241.79868815580653,61.87640034218445,0.0,288.6873109332707,-3498.1037784787973,-17.239279021934863,265.28364263481154,68.11602871579608,0.0,390.2079294436885,0.0
1,23,-1992.4032528237462,640.9436598051243,241.79868815580653,61.87640034218445,0.0,288.6873109332707,-3463.8319102360338,41.626945718248976,265.28364263481154,68.11602871579608,0.0,390.2079294436885,0.0
1,24,-2051.017607266467,660.7690569655687,241.79868815580653,61.87640034218445,0.0,288.6873109332707,-3429.5600419932707,100.49317045843281,265.28364263481154,68.11602871579608,0.0,390.2079294436885,0.0
1,25,-2109.631961709188,680.594454126013,241.79868815580653,61.87640034218445,0.0,288.6873109332707,-3395.288173750507,159.35939519861665,265.28364263481154,68.11602871579608,0.0,390.2079294436885,0.0
1,26,-2168.246316151909,700.4198512864575,241.79868815580653,61.87640034218445,0.0,288.6873109332707,-3361.0163055077437,218.22561993880038,265.28364263481154,68.11602871579608,0.0,390.2079294436885,0.0
1,27,-2226.8606705946304,720.2452484469018,241.79868815580653,61.87640034218445,0.0,288.6873109332707,-3326.7444372649807,277.0918446789841,265.28364263481154,68.11602871579608,0.0,390.2079294436885,0.0
1,28,-2285.4750250373513,740.0706456073461,241.79868815580653,61.87640034218445,0.0,288.6873109332707,-3292.472569022217,335.9580694191678,265.28364263481154,68.11602871579608,0.0,390.2079294436885,0.0
1,29,-2344.0893794800722,759.8960427677905,241.79868815580653,61.87640034218445,0.0,288.6873109332707,-3258.2007007794537,394.82429415935167,265.28364263481154,68.11602871579608,0.0,390.2079294436885,0.0
1,30,-2402.703733922793,779.7214399282349,241.79868815580653,61.87640034218445,0.0,288.6873109332707,-3223.9288325366906,453.69051889953545,265.28364263481154,68.11602871579608,0.0,390.2079294436885,0.0
1,31,-2461.318088365514,799.5468370886792,241.79868815580653,61.87640034218445,0.0,288.6873109332707,-3189.656964293927,512.5567436397191,265.28364263481154,68.11602871579608,0.0,390.2079294436885,0.0
1,32,-2519.9324428082355,819.3722342491236,241.79868815580653,61.87640034218445,0.0,288.6873109332707,-3155.3850960511636,571.4229683799028,265.28364263481154,68.11602871579608,0.0,390.2079294436885,0.0
1,33,-2578.5467972509564,839.197631409568,241.79868815580653,61.87640034218445,0.0,288.6873109332707,-3121.1132278084006,630.2891931200867,265.28364263481154,68.11602871579608,0.0,390.2079294436885,0.0
1,34,-2637.1611516936773,859.0230285700123,241.79868815580653,61.87640034218445,0.0,288.6873109332707,-3086.841359565637,689.1554178602704,265.28364263481154,68.11602871579608,0.0,390.2079294436885,0.0
1,35,-2695.7755061363982,878.8484257304567,241.79868815580653,61.87640034218445,0.0,288.6873109332707,-3052.5694913228735,748.0216426004542,265.28364263481154,68.11602871579608,0.0,390.2079294436885,0.0
1,36,-2754.389860579119,898.6738228909011,241.79868815580653,61.87640034218445,0.0,288.6873109332707,-3018.2976230801105,806.887867340638,265.28364263481154,68.11602871579608,0.0,390.2079294436885,0.0
1,37,-2813.0042150218405,918.4992200513454,241.79868815580653,61.87640034218445,0.0,288.6873109332707,-2984.025754837347,865.7540920808218,265.28364263481154,68.11602871579608,0.0,390.2079294436885,0.0
1,38,-2871.6185694645615,938.3246172117898,241.79868815580653,61.87640034218445,0.0,288.6873109332707,-2949.7538865945835,924.6203168210055,265.28364263481154,68.11602871579608,0.0,390.2079294436885,0.0
1,39,-2930.2329239072824,958.1500143722342,241.79868815580653,61.87640034218445,0.0,288.6873109332707,-2915.4820183518204,983.4865415611893,265.28364263481154,68.11602871579608,0.0,390.2079294436885,0.0
1,40,-2988.8472783500033,977.9754115326785,241.79868815580653,61.87640034218445,0.0,288.6873109332707,-2881.210150109057,1042.352766301373,265.28364263481154,68.11602871579608,0.0,390.2079294436885,0.0
1,41,-3047.4616327927242,997.8008086931229,241.79868815580653,61.87640034218445,0.0,288.6873109332707,-2846.9382818662934,1101.2189910415568,265.28364263481154,68.11602871579608,0.0,390.2079294436885,0.0
1,42,-3106.0759872354456,1017.6262058535673,241.79868815580653,61.87640034218445,0.0,288.6873109332707,-2812.66641362353,1160.0852157817405,265.28364263481154,68.11602871579608,0.0,390.2079294436885,0.0
1,43,-3164.6903416781665,1037.4516030140117,241.79868815580653,61.87640034218445,0.0,288.6873109332707,-2778.394545380767,1218.9514405219243,265.28364263481154,68.11602871579608,0.0,390.2079294436885,0.0
1,44,-3223.3046961208875,1057.277000174456,241.79868815580653,61.87640034218445,0.0,288.6873109332707,-2744.1226771380034,1277.8176652621082,265.28364263481154,68.11602871579608,0.0,390.2079294436885,0.0
1,45,-3281.9190505636084,1077.1023973349004,241.79868815580653,61.87640034218445,0.0,288.6873109332707,-2709.85080889524,1336.683890002292,265.28364263481154,68.11602871579608,0.0,390.2079294436885,0.0
1,46,-3340.5334050063293,1096.9277944953446,241.79868815580653,61.87640034218445,0.0,288.6873109332707,-2675.578940652477,1395.5501147424757,265.28364263481154,68.11602871579608,0.0,390.2079294436885,0.0
1,47,-3399.1477594490507,1116.7531916557891,241.79868815580653,61.87640034218445,0.0,288.6873109332707,-2641.3070724097133,1454.4163394826596,265.28364263481154,68.11602871579608,0.0,390.2079294436885,0.0
1,48,-3457.7621138917716,1136.5785888162334,241.79868815580653,61.87640034218445,0.0,288.6873109332707,-2607.03520416695,1513.2825642228431,265.28364263481154,68.11602871579608,0.0,390.2079294436885,0.0
1,49,-3516.3764683344925,1156.4039859766779,241.79868815580653,61.87640034218445,0.0,288.6873109332707,-2572.763335924187,1572.148788963027,265.28364263481154,68.11602871579608,0.0,390.2079294436885,0.0
2,0,-1073.4103458999457,-1533.1311181309152,-247.77862325014533,64.36072439061772,0.0,75.64834818993495,3005.0092412401123,-2828.4421680924515,-261.423915709055,66.58555547881458,0.0,319.344956943886,0.0
2,1,-1011.0581479055472,-1517.1778661316412,-247.77862325014533,64.36072439061772,0.0,75.64834818993495,2961.6285297459976,-2777.9273181106228,-261.423915709055,66.58555547881458,0.0,319.344956943886,0.0
2,2,-948.7059499111483,-1501.2246141323672,-247.77862325014533,64.36072439061772,0.0,75.64834818993495,2918.2478182518835,-2727.412468128794,-261.423915709055,66.58555547881458,0.0,319.344956943886,0.0
2,3,-886.3537519167494,-1485.2713621330931,-247.77862325014533,64.36072439061772,0.0,75.64834818993495,2874.867106757769,-2676.8976181469648,-261.423915709055,66.58555547881458,0.0,319.344956943886,0.0
2,4,-824.0015539223509,-1469.3181101338191,-247.77862325014533,64.36072439061772,0.0,75.64834818993495,2831.4863952636542,-2626.3827681651355,-261.423915709055,66.58555547881458,0.0,319.344956943886,0.0
2,5,-761.6493559279515,-1453.364858134545,-247.77862325014533,64.36072439061772,0.0,75.64834818993495,2788.1056837695396,-2575.8679181833063,-261.423915709055,66.58555547881458,0.0,319.344956943886,0.0
2,6,-699.2971579335531,-1437.411606135271,-247.77862325014533,64.36072439061772,0.0,75.64834818993495,2744.724972275425,-2525.353068201477,-261.423915709055,66.58555547881458,0.0,319.344956943886,0.0
2,7,-636.9449599391542,-1421.458354135997,-247.77862325014533,64.36072439061772,0.0,75.64834818993495,2701.3442607813104,-2474.8382182196483,-261.423915709055,66.58555547881458,0.0,319.344956943886,0.0
2,8,-574.5927619447555,-1405.505102136723,-247.77862325014533,64.36072439061772,0.0,75.64834818993495,2657.9635492871957,-2424.3233682378195,-261.423915709055,66.58555547881458,0.0,319.344956943886,0.0
2,9,-512.2405639503565,-1389.5518501374488,-247.77862325014533,64.36072439061772,0.0,75.64834818993495,2614.582837793081,-2373.8085182559903,-261.423915709055,66.58555547881458,0.0,319.344956943886,0.0
2,10,-449.88836595595785,-1373.5985981381748,-247.77862325014533,64.36072439061772,0.0,75.64834818993495,2571.2021262989665,-2323.293668274161,-261.423915709055,66.58555547881458,0.0,319.344956943886,0.0
2,11,-387.5361679615587,-1357.6453461389008,-247.77862325014533,64.36072439061772,0.0,75.64834818993495,2527.821414804852,-2272.7788182923323,-261.423915709055,66.58555547881458,0.0,319.344956943886,0.0
2,12,-325.18396996716,-1341.6920941396268,-247.77862325014533,64.36072439061772,0.0,75.64834818993495,2484.4407033107373,-2222.2639683105035,-261.423915709055,66.58555547881458,0.0,319.344956943886,0.0
2,13,-262.8317719727613,-1325.7388421403525,-247.77862325014533,64.36072439061772,0.0,75.64834818993495,2441.059991816623,-2171.7491183286743,-261.423915709055,66.58555547881458,0.0,319.344956943886,0.0
2,14,-200.4795739783624,-1309.7855901410785,-247.77862325014533,64.36072439061772,0.0,75.64834818993495,2397.679280322508,-2121.234268346845,-261.423915709055,66.58555547881458,0.0,319.344956943886,0.0
2,15,-138.1273759839637,-1293.8323381418045,-247.77862325014533,64.36072439061772,0.0,75.64834818993495,2354.298568828394,-2070.7194183650163,-261.423915709055,66.58555547881458,0.0,319.344956943886,0.0
2,16,-75.77517798956478,-1277.8790861425305,-247.77862325014533,64.36072439061772,0.0,75.64834818993495,2310.9178573342792,-2020.204568383187,-261.423915709055,66.58555547881458,0.0,319.344956943886,0.0
2,17,-13.42297999516586,-1261.9258341432565,-247.77862325014533,64.36072439061772,0.0,75.64834818993495,2267.5371458401646,-1969.689718401358,-261.423915709055,66.58555547881458,0.0,319.344956943886,0.0
2,18,48.92921799923283,-1245.9725821439824,-247.77862325014533,64.36072439061772,0.0,75.64834818993495,2224.15643434605,-1919.1748684195293,-261.423915709055,66.58555547881458,0.0,319.344956943886,0.0
2,19,111.28141599363153,-1230.0193301447084,-247.77862325014533,64.36072439061772,0.0,75.64834818993495,2180.7757228519354,-1868.6600184376998,-261.423915709055,66.58555547881458,0.0,319.344956943886,0.0
2,20,173.63361398803045,-1214.0660781454342,-247.77862325014533,64.36072439061772,0.0,75.64834818993495,2137.395011357821,-1818.145168455871,-261.423915709055,66.58555547881458,0.0,319.344956943886,0.0
2,21,235.98581198242937,-1198.1128261461602,-247.77862325014533,64.36072439061772,0.0,75.64834818993495,2094.0142998637066,-1767.6303184740423,-261.423915709055,66.58555547881458,0.0,319.344956943886,0.0
2,22,298.3380099768283,-1182.1595741468861,-247.77862325014533,64.36072439061772,0.0,75.64834818993495,2050.633588369592,-1717.115468492213,-261.423915709055,66.58555547881458,0.0,319.344956943886,0.0
2,23,360.690207971227,-1166.2063221476121,-247.77862325014533,64.36072439061772,0.0,75.64834818993495,2007.2528768754773,-1666.6006185103843,-261.423915709055,66.58555547881458,0.0,319.344956943886,0.0
2,24,423.0424059656258,-1150.253070148338,-247.77862325014533,64.36072439061772,0.0,75.64834818993495,1963.8721653813627,-1616.085768528555,-261.423915709055,66.58555547881458,0.0,319.344956943886,0.0
2,25,485.3946039600247,-1134.2998181490639,-247.77862325014533,64.36072439061772,0.0,75.64834818993495,1920.491453887248,-1565.570918546726,-261.423915709055,66.58555547881458,0.0,319.344956943886,0.0
2,26,547.7468019544234,-1118.3465661497899,-247.77862325014533,64.36072439061772,0.0,75.64834818993495,1877.1107423931335,-1515.056068564897,-261.423915709055,66.58555547881458,0.0,319.344956943886,0.0
2,27,610.0989999488222,-1102.3933141505158,-247.77862325014533,64.36072439061772,0.0,75.64834818993495,1833.730030899019,-1464.541218583068,-261.423915709055,66.58555547881458,0.0,319.344956943886,0.0
2,28,672.4511979432211,-1086.4400621512418,-247.77862325014533,64.36072439061772,0.0,75.64834818993495,1790.3493194049045,-1414.026368601239,-261.423915709055,66.58555547881458,0.0,319.344956943886,0.0
2,29,734.8033959376198,-1070.4868101519678,-247.77862325014533,64.36072439061772,0.0,75.64834818993495,1746.9686079107898,-1363.5115186194098,-261.423915709055,66.58555547881458,0.0,319.344956943886,0.0
2,30,797.1555939320187,-1054.5335581526938,-247.77862325014533,64.36072439061772,0.0,75.64834818993495,1703.5878964166754,-1312.996668637581,-261.423915709055,66.58555547881458,0.0,319.344956943886,0.0
2,31,859.5077919264176,-1038.5803061534195,-247.77862325014533,64.36072439061772,0.0,75.64834818993495,1660.2071849225608,-1262.4818186557518,-261.423915709055,66.58555547881458,0.0,319.344956943886,0.0
2,32,921.8599899208164,-1022.6270541541455,-247.77862325014533,64.36072439061772,0.0,75.64834818993495,1616.8264734284462,-1211.9669686739228,-261.423915709055,66.58555547881458,0.0,319.344956943886,0.0
2,33,984.2121879152152,-1006.6738021548715,-247.77862325014533,64.36072439061772,0.0,75.64834818993495,1573.4457619343316,-1161.4521186920938,-261.423915709055,66.58555547881458,0.0,319.344956943886,0.0
2,34,1046.564385909614,-990.7205501555975,-247.77862325014533,64.36072439061772,0.0,75.64834818993495,1530.065050440217,-1110.9372687102648,-261.423915709055,66.58555547881458,0.0,319.344956943886,0.0
2,35,1108.916583904013,-974.7672981563234,-247.77862325014533,64.36072439061772,0.0,75.64834818993495,1486.6843389461023,-1060.4224187284358,-261.423915709055,66.58555547881458,0.0,319.344956943886,0.0
2,36,1171.2687818984116,-958.8140461570493,-247.77862325014533,64.36072439061772,0.0,75.64834818993495,1443.303627451988,-1009.9075687466068,-261.423915709055,66.58555547881458,0.0,319.344956943886,0.0
2,37,1233.6209798928105,-942.8607941577753,-247.77862325014533,64.36072439061772,0.0,75.64834818993495,1399.9229159578733,-959.3927187647778,-261.423915709055,66.58555547881458,0.0,319.344956943886,0.0
2,38,1295.9731778872092,-926.9075421585012,-247.77862325014533,64.36072439061772,0.0,75.64834818993495,1356.5422044637587,-908.8778687829487,-261.423915709055,66.58555547881458,0.0,319.344956943886,0.0
2,39,1358.3253758816081,-910.9542901592272,-247.77862325014533,64.36072439061772,0.0,75.64834818993495,1313.161492969644,-858.3630188011197,-261.423915709055,66.58555547881458,0.0,319.344956943886,0.0
2,40,1420.677573876007,-895.0010381599532,-247.77862325014533,64.36072439061772,0.0,75.64834818993495,1269.7807814755295,-807.8481688192907,-261.423915709055,66.58555547881458,0.0,319.344956943886,0.0
2,41,1483.0297718704057,-879.047786160679,-247.77862325014533,64.36072439061772,0.0,75.64834818993495,1226.400069981415,-757.3333188374617,-261.423915709055,66.58555547881458,0.0,319.344956943886,0.0
2,42,1545.3819698648047,-863.094534161405,-247.77862325014533,64.36072439061772,0.0,75.64834818993495,1183.0193584873005,-706.8184688556327,-261.423915709055,66.58555547881458,0.0,319.344956943886,0.0
2,43,1607.7341678592034,-847.141282162131,-247.77862325014533,64.36072439061772,0.0,75.64834818993495,1139.6386469931858,-656.3036188738037,-261.423915709055,66.58555547881458,0.0,319.344956943886,0.0
2,44,1670.0863658536023,-831.1880301628569,-247.77862325014533,64.36072439061772,0.0,75.64834818993495,1096.2579354990712,-605.7887688919745,-261.423915709055,66.58555547881458,0.0,319.344956943886,0.0
2,45,1732.4385638480012,-815.2347781635829,-247.77862325014533,64.36072439061772,0.0,75.64834818993495,1052.8772240049566,-555.2739189101455,-261.423915709055,66.58555547881458,0.0,319.344956943886,0.0
2,46,1794.7907618424,-799.2815261643088,-247.77862325014533,64.36072439061772,0.0,75.64834818993495,1009.4965125108422,-504.7590689283166,-261.423915709055,66.58555547881458,0.0,319.344956943886,0.0
2,47,1857.1429598367986,-783.3282741650347,-247.77862325014533,64.36072439061772,0.0,75.64834818993495,966.1158010167276,-454.24421894648754,-261.423915709055,66.58555547881458,0.0,319.344956943886,0.0
2,48,1919.4951578311975,-767.3750221657607,-247.77862325014533,64.36072439061772,0.0,75.64834818993495,922.735089522613,-403.7293689646585,-261.423915709055,66.58555547881458,0.0,319.344956943886,0.0
2,49,1981.8473558255964,-751.4217701664866,-247.77862325014533,64.36072439061772,0.0,75.64834818993495,879.3543780284984,-353.21451898282953,-261.423915709055,66.58555547881458,0.0,319.344956943886,0.0
3,0,-2136.3244120696586,-895.9240398829049,356.70474283361443,64.3903079709169,0.0,292.55890191114156,-6479.195450393337,-1179.7953052131418,364.5429350767828,62.9847698673413,0.0,418.35457587082755,0.0
3,1,-2195.7879364146047,-871.2217923522135,356.70474283361443,64.3903079709169,0.0,292.55890191114156,-6425.575807215933,-1146.7496534451727,364.5429350767828,62.9847698673413,0.0,418.35457587082755,0.0
3,2,-2255.2514607595504,-846.5195448215221,356.70474283361443,64.3903079709169,0.0,292.55890191114156,-6371.95616403853,-1113.7040016772037,364.5429350767828,62.9847698673413,0.0,418.35457587082755,0.0
3,3,-2314.7149851044965,-821.8172972908307,356.70474283361443,64.3903079709169,0.0,292.55890191114156,-6318.336520861127,-1080.6583499092346,364.5429350767828,62.9847698673413,0.0,418.35457587082755,0.0
3,4,-2374.178509449442,-797.1150497601393,356.70474283361443,64.3903079709169,0.0,292.55890191114156,-6264.7168776837225,-1047.6126981412654,364.5429350767828,62.9847698673413,0.0,418.35457587082755,0.0
3,5,-2433.642033794388,-772.4128022294478,356.70474283361443,64.3903079709169,0.0,292.55890191114156,-6211.09723450632,-1014.5670463732961,364.5429350767828,62.9847698673413,0.0,418.35457587082755,0.0
3,6,-2493.105558139334,-747.7105546987566,356.70474283361443,64.3903079709169,0.0,292.55890191114156,-6157.477591328916,-981.5213946053273,364.5429350767828,62.9847698673413,0.0,418.35457587082755,0.0
3,7,-2552.5690824842795,-723.0083071680651,356.70474283361443,64.3903079709169,0.0,292.55890191114156,-6103.857948151513,-948.4757428373582,364.5429350767828,62.9847698673413,0.0,418.35457587082755,0.0
3,8,-2612.0326068292256,-698.3060596373738,356.70474283361443,64.3903079709169,0.0,292.55890191114156,-6050.238304974109,-915.430091069389,364.5429350767828,62.9847698673413,0.0,418.35457587082755,0.0
3,9,-2671.4961311741718,-673.6038121066823,356.70474283361443,64.3903079709169,0.0,292.55890191114156,-5996.618661796706,-882.3844393014201,364.5429350767828,62.9847698673413,0.0,418.35457587082755,0.0
3,10,-2730.9596555191174,-648.901564575991,356.70474283361443,64.3903079709169,0.0,292.55890191114156,-5942.999018619303,-849.3387875334506,364.5429350767828,62.9847698673413,0.0,418.35457587082755,0.0
3,11,-2790.423179864063,-624.1993170452996,356.70474283361443,64.3903079709169,0.0,292.55890191114156,-5889.379375441898,-816.2931357654818,364.5429350767828,62.9847698673413,0.0,418.35457587082755,0.0
3,12,-2849.8867042090096,-599.4970695146081,356.70474283361443,64.3903079709169,0.0,292.55890191114156,-5835.759732264495,-783.2474839975126,364.5429350767828,62.9847698673413,0.0,418.35457587082755,0.0
3,13,-2909.3502285539553,-574.7948219839167,356.70474283361443,64.3903079709169,0.0,292.55890191114156,-5782.140089087092,-750.2018322295437,364.5429350767828,62.9847698673413,0.0,418.35457587082755,0.0
3,14,-2968.813752898901,-550.0925744532253,356.70474283361443,64.3903079709169,0.0,292.55890191114156,-5728.5204459096885,-717.1561804615745,364.5429350767828,62.9847698673413,0.0,418.35457587082755,0.0
3,15,-3028.277277243847,-525.390326922534,356.70474283361443,64.3903079709169,0.0,292.55890191114156,-5674.900802732285,-684.1105286936056,364.5429350767828,62.9847698673413,0.0,418.35457587082755,0.0
3,16,-3087.740801588793,-500.6880793918426,356.70474283361443,64.3903079709169,0.0,292.55890191114156,-5621.281159554882,-651.0648769256363,364.5429350767828,62.9847698673413,0.0,418.35457587082755,0.0
3,17,-3147.204325933739,-475.98583186115115,356.70474283361443,64.3903079709169,0.0,292.55890191114156,-5567.661516377479,-618.0192251576673,364.5429350767828,62.9847698673413,0.0,418.35457587082755,0.0
3,18,-3206.6678502786845,-451.2835843304598,356.70474283361443,64.3903079709169,0.0,292.55890191114156,-5514.041873200074,-584.9735733896981,364.5429350767828,62.9847698673413,0.0,418.35457587082755,0.0
3,19,-3266.131374623631,-426.58133679976834,356.70474283361443,64.3903079709169,0.0,292.55890191114156,-5460.422230022672,-551.9279216217292,364.5429350767828,62.9847698673413,0.0,418.35457587082755,0.0
3,20,-3325.5948989685767,-401.879089269077,356.70474283361443,64.3903079709169,0.0,292.55890191114156,-5406.802586845268,-518.88226985376,364.5429350767828,62.9847698673413,0.0,418.35457587082755,0.0
3,21,-3385.0584233135223,-377.1768417383856,356.70474283361443,64.3903079709169,0.0,292.55890191114156,-5353.1829436678645,-485.836618085791,364.5429350767828,62.9847698673413,0.0,418.35457587082755,0.0
3,22,-3444.5219476584684,-352.47459420769417,356.70474283361443,64.3903079709169,0.0,292.55890191114156,-5299.563300490461,-452.7909663178219,364.5429350767828,62.9847698673413,0.0,418.35457587082755,0.0
3,23,-3503.985472003414,-327.7723466770028,356.70474283361443,64.3903079709169,0.0,292.55890191114156,-5245.943657313058,-419.7453145498528,364.5429350767828,62.9847698673413,0.0,418.35457587082755,0.0
3,24,-3563.44899634836,-303.0700991463114,356.70474283361443,64.3903079709169,0.0,292.55890191114156,-5192.324014135655,-386.6996627818838,364.5429350767828,62.9847698673413,0.0,418.35457587082755,0.0
3,25,-3622.912520693306,-278.36785161562005,356.70474283361443,64.3903079709169,0.0,292.55890191114156,-5138.704370958251,-353.6540110139147,364.5429350767828,62.9847698673413,0.0,418.35457587082755,0.0
3,26,-3682.376045038252,-253.6656040849286,356.70474283361443,64.3903079709169,0.0,292.55890191114156,-5085.084727780847,-320.6083592459456,364.5429350767828,62.9847698673413,0.0,418.35457587082755,0.0
3,27,-3741.839569383198,-228.96335655423724,356.70474283361443,64.3903079709169,0.0,292.55890191114156,-5031.465084603444,-287.5627074779766,364.5429350767828,62.9847698673413,0.0,418.35457587082755,0.0
3,28,-3801.3030937281437,-204.26110902354583,356.70474283361443,64.3903079709169,0.0,292.55890191114156,-4977.84544142604,-254.51705571000747,364.5429350767828,62.9847698673413,0.0,418.35457587082755,0.0
3,29,-3860.76661807309,-179.55886149285442,356.70474283361443,64.3903079709169,0.0,292.55890191114156,-4924.225798248637,-221.47140394203836,364.5429350767828,62.9847698673413,0.0,418.35457587082755,0.0
3,30,-3920.2301424180355,-154.85661396216304,356.70474283361443,64.3903079709169,0.0,292.55890191114156,-4870.606155071234,-188.42575217406934,364.5429350767828,62.9847698673413,0.0,418.35457587082755,0.0
3,31,-3979.6936667629816,-130.15436643147166,356.70474283361443,64.3903079709169,0.0,292.55890191114156,-4816.9865118938305,-155.38010040610027,364.5429350767828,62.9847698673413,0.0,418.35457587082755,0.0
3,32,-4039.1571911079272,-105.45211890078028,356.70474283361443,64.3903079709169,0.0,292.55890191114156,-4763.366868716427,-122.33444863813116,364.5429350767828,62.9847698673413,0.0,418.35457587082755,0.0
3,33,-4098.620715452873,-80.74987137008887,356.70474283361443,64.3903079709169,0.0,292.55890191114156,-4709.747225539024,-89.28879687016209,364.5429350767828,62.9847698673413,0.0,418.35457587082755,0.0
3,34,-4158.0842397978195,-56.04762383939746,356.70474283361443,64.3903079709169,0.0,292.55890191114156,-4656.12758236162,-56.243145102192955,364.5429350767828,62.9847698673413,0.0,418.35457587082755,0.0
3,35,-4217.547764142765,-31.34537630870608,356.70474283361443,64.3903079709169,0.0,292.55890191114156,-4602.507939184216,-23.197493334223893,364.5429350767828,62.9847698673413,0.0,418.35457587082755,0.0
3,36,-4277.011288487711,-6.643128778014685,356.70474283361443,64.3903079709169,0.0,292.55890191114156,-4548.888296006813,9.848158433745176,364.5429350767828,62.9847698673413,0.0,418.35457587082755,0.0
3,37,-4336.474812832656,18.05911875267671,356.70474283361443,64.3903079709169,0.0,292.55890191114156,-4495.26865282941,42.89381020171426,364.5429350767828,62.9847698673413,0.0,418.35457587082755,0.0
3,38,-4395.938337177603,42.761366283368105,356.70474283361443,64.3903079709169,0.0,292.55890191114156,-4441.6490096520065,75.93946196968335,364.5429350767828,62.9847698673413,0.0,418.35457587082755,0.0
3,39,-4455.401861522549,67.4636138140595,356.70474283361443,64.3903079709169,0.0,292.55890191114156,-4388.029366474603,108.98511373765243,364.5429350767828,62.9847698673413,0.0,418.35457587082755,0.0
3,40,-4514.865385867494,92.1658613447509,356.70474283361443,64.3903079709169,0.0,292.55890191114156,-4334.4097232972,142.0307655056215,364.5429350767828,62.9847698673413,0.0,418.35457587082755,0.0
3,41,-4574.328910212441,116.86810887544229,356.70474283361443,64.3903079709169,0.0,292.55890191114156,-4280.790080119796,175.07641727359058,364.5429350767828,62.9847698673413,0.0,418.35457587082755,0.0
3,42,-4633.7924345573865,141.57035640613367,356.70474283361443,64.3903079709169,0.0,292.55890191114156,-4227.170436942392,208.12206904155968,364.5429350767828,62.9847698673413,0.0,418.35457587082755,0.0
3,43,-4693.255958902332,166.27260393682508,356.70474283361443,64.3903079709169,0.0,292.55890191114156,-4173.550793764989,241.16772080952873,364.5429350767828,62.9847698673413,0.0,418.35457587082755,0.0
3,44,-4752.719483247278,190.97485146751646,356.70474283361443,64.3903079709169,0.0,292.55890191114156,-4119.931150587586,274.2133725774978,364.5429350767828,62.9847698673413,0.0,418.35457587082755,0.0
3,45,-4812.183007592224,215.67709899820787,356.70474283361443,64.3903079709169,0.0,292.55890191114156,-4066.3115074101825,307.2590243454669,364.5429350767828,62.9847698673413,0.0,418.35457587082755,0.0
3,46,-4871.64653193717,240.37934652889928,356.70474283361443,64.3903079709169,0.0,292.55890191114156,-4012.6918642327787,340.30467611343596,364.5429350767828,62.9847698673413,0.0,418.35457587082755,0.0
3,47,-4931.110056282116,265.08159405959066,356.70474283361443,64.3903079709169,0.0,292.55890191114156,-3959.0722210553754,373.35032788140506,364.5429350767828,62.9847698673413,0.0,418.35457587082755,0.0
3,48,-4990.573580627061,289.783841590282,356.70474283361443,64.3903079709169,0.0,292.55890191114156,-3905.452577877972,406.3959796493741,364.5429350767828,62.9847698673413,0.0,418.35457587082755,0.0
3,49,-5050.037104972008,314.4860891209734,356.70474283361443,64.3903079709169,0.0,292.55890191114156,-3851.832934700569,439.4416314173432,364.5429350767828,62.9847698673413,0.0,418.35457587082755,0.0
4,0,-816.0684766223844,1491.5089928951525,-58.840439302264656,66.79033014492256,0.0,259.80422056710285,-5451.701233984259,-90.13644122275582,-41.47403374265625,62.21610541406239,0.0,421.5943470901446,0.0
4,1,-881.804097277718,1479.6862868628664,-58.840439302264656,66.79033014492256,0.0,259.80422056710285,-5396.975845465731,-60.539555839493914,-41.47403374265625,62.21610541406239,0.0,421.5943470901446,0.0
4,2,-947.5397179330516,1467.8635808305805,-58.840439302264656,66.79033014492256,0.0,259.80422056710285,-5342.250456947204,-30.942670456232236,-41.47403374265625,62.21610541406239,0.0,421.5943470901446,0.0
4,3,-1013.2753385883848,1456.0408747982947,-58.840439302264656,66.79033014492256,0.0,259.80422056710285,-5287.525068428677,-1.345785072970557,-41.47403374265625,62.21610541406239,0.0,421.5943470901446,0.0
4,4,-1079.010959243718,1444.2181687660086,-58.840439302264656,66.79033014492256,0.0,259.80422056710285,-5232.799679910149,28.25110031029135,-41.47403374265625,62.21610541406239,0.0,421.5943470901446,0.0
4,5,-1144.7465798990515,1432.3954627337225,-58.840439302264656,66.79033014492256,0.0,259.80422056710285,-5178.074291391621,57.84798569355303,-41.47403374265625,62.21610541406239,0.0,421.5943470901446,0.0
4,6,-1210.4822005543851,1420.5727567014367,-58.840439302264656,66.79033014492256,0.0,259.80422056710285,-5123.348902873094,87.4448710768147,-41.47403374265625,62.21610541406239,0.0,421.5943470901446,0.0
4,7,-1276.2178212097187,1408.7500506691506,-58.840439302264656,66.79033014492256,0.0,259.80422056710285,-5068.6235143545655,117.0417564600765,-41.47403374265625,62.21610541406239,0.0,421.5943470901446,0.0
4,8,-1341.9534418650517,1396.9273446368647,-58.840439302264656,66.79033014492256,0.0,259.80422056710285,-5013.898125836038,146.63864184333818,-41.47403374265625,62.21610541406239,0.0,421.5943470901446,0.0
4,9,-1407.6890625203855,1385.1046386045787,-58.840439302264656,66.79033014492256,0.0,259.80422056710285,-4959.172737317511,176.23552722659974,-41.47403374265625,62.21610541406239,0.0,421.5943470901446,0.0
4,10,-1473.4246831757189,1373.2819325722928,-58.840439302264656,66.79033014492256,0.0,259.80422056710285,-4904.4473487989835,205.83241260986154,-41.47403374265625,62.21610541406239,0.0,421.5943470901446,0.0
4,11,-1539.1603038310523,1361.4592265400067,-58.840439302264656,66.79033014492256,0.0,259.80422056710285,-4849.721960280455,235.42929799312333,-41.47403374265625,62.21610541406239,0.0,421.5943470901446,0.0
4,12,-1604.8959244863856,1349.636520507721,-58.840439302264656,66.79033014492256,0.0,259.80422056710285,-4794.996571761928,265.0261833763851,-41.47403374265625,62.21610541406239,0.0,421.5943470901446,0.0
4,13,-1670.6315451417192,1337.8138144754348,-58.840439302264656,66.79033014492256,0.0,259.80422056710285,-4740.2711832434,294.6230687596468,-41.47403374265625,62.21610541406239,0.0,421.5943470901446,0.0
4,14,-1736.3671657970526,1325.9911084431487,-58.840439302264656,66.79033014492256,0.0,259.80422056710285,-4685.545794724872,324.2199541429085,-41.47403374265625,62.21610541406239,0.0,421.5943470901446,0.0
4,15,-1802.102786452386,1314.1684024108629,-58.840439302264656,66.79033014492256,0.0,259.80422056710285,-4630.820406206345,353.81683952617027,-41.47403374265625,62.21610541406239,0.0,421.5943470901446,0.0
4,16,-1867.8384071077196,1302.345696378577,-58.840439302264656,66.79033014492256,0.0,259.80422056710285,-4576.095017687818,383.41372490943206,-41.47403374265625,62.21610541406239,0.0,421.5943470901446,0.0
4,17,-1933.574027763053,1290.522990346291,-58.840439302264656,66.79033014492256,0.0,259.80422056710285,-4521.36962916929,413.01061029269374,-41.47403374265625,62.21610541406239,0.0,421.5943470901446,0.0
4,18,-1999.3096484183864,1278.7002843140049,-58.840439302264656,66.79033014492256,0.0,259.80422056710285,-4466.644240650762,442.6074956759554,-41.47403374265625,62.21610541406239,0.0,421.5943470901446,0.0
4,19,-2065.0452690737197,1266.877578281719,-58.840439302264656,66.79033014492256,0.0,259.80422056710285,-4411.918852132235,472.2043810592172,-41.47403374265625,62.21610541406239,0.0,421.5943470901446,0.0
4,20,-2130.7808897290533,1255.054872249433,-58.840439302264656,66.79033014492256,0.0,259.80422056710285,-4357.1934636137075,501.8012664424789,-41.47403374265625,62.21610541406239,0.0,421.5943470901446,0.0
4,21,-2196.5165103843865,1243.232166217147,-58.840439302264656,66.79033014492256,0.0,259.80422056710285,-4302.468075095179,531.3981518257406,-41.47403374265625,62.21610541406239,0.0,421.5943470901446,0.0
4,22,-2262.25213103972,1231.409460184861,-58.840439302264656,66.79033014492256,0.0,259.80422056710285,-4247.742686576652,560.9950372090024,-41.47403374265625,62.21610541406239,0.0,421.5943470901446,0.0
4,23,-2327.9877516950537,1219.5867541525752,-58.840439302264656,66.79033014492256,0.0,259.80422056710285,-4193.017298058125,590.5919225922642,-41.47403374265625,62.21610541406239,0.0,421.5943470901446,0.0
4,24,-2393.723372350387,1207.764048120289,-58.840439302264656,66.79033014492256,0.0,259.80422056710285,-4138.291909539597,620.1888079755258,-41.47403374265625,62.21610541406239,0.0,421.5943470901446,0.0
4,25,-2459.4589930057205,1195.9413420880032,-58.840439302264656,66.79033014492256,0.0,259.80422056710285,-4083.566521021069,649.7856933587875,-41.47403374265625,62.21610541406239,0.0,421.5943470901446,0.0
4,26,-2525.194613661054,1184.1186360557172,-58.840439302264656,66.79033014492256,0.0,259.80422056710285,-4028.8411325025418,679.3825787420492,-41.47403374265625,62.21610541406239,0.0,421.5943470901446,0.0
4,27,-2590.930234316387,1172.295930023431,-58.840439302264656,66.79033014492256,0.0,259.80422056710285,-3974.115743984014,708.979464125311,-41.47403374265625,62.21610541406239,0.0,421.5943470901446,0.0
4,28,-2656.665854971721,1160.4732239911452,-58.840439302264656,66.79033014492256,0.0,259.80422056710285,-3919.390355465486,738.5763495085728,-41.47403374265625,62.21610541406239,0.0,421.5943470901446,0.0
4,29,-2722.4014756270544,1148.6505179588592,-58.840439302264656,66.79033014492256,0.0,259.80422056710285,-3864.664966946959,768.1732348918345,-41.47403374265625,62.21610541406239,0.0,421.5943470901446,0.0
4,30,-2788.1370962823876,1136.8278119265733,-58.840439302264656,66.79033014492256,0.0,259.80422056710285,-3809.939578428431,797.7701202750961,-41.47403374265625,62.21610541406239,0.0,421.5943470901446,0.0
4,31,-2853.872716937721,1125.0051058942872,-58.840439302264656,66.79033014492256,0.0,259.80422056710285,-3755.214189909904,827.3670056583579,-41.47403374265625,62.21610541406239,0.0,421.5943470901446,0.0
4,32,-2919.608337593055,1113.1823998620014,-58.840439302264656,66.79033014492256,0.0,259.80422056710285,-3700.488801391376,856.9638910416197,-41.47403374265625,62.21610541406239,0.0,421.5943470901446,0.0
4,33,-2985.343958248388,1101.3596938297153,-58.840439302264656,66.79033014492256,0.0,259.80422056710285,-3645.7634128728487,886.5607764248814,-41.47403374265625,62.21610541406239,0.0,421.5943470901446,0.0
4,34,-3051.0795789037215,1089.5369877974294,-58.840439302264656,66.79033014492256,0.0,259.80422056710285,-3591.038024354321,916.1576618081431,-41.47403374265625,62.21610541406239,0.0,421.5943470901446,0.0
4,35,-3116.815199559055,1077.7142817651434,-58.840439302264656,66.79033014492256,0.0,259.80422056710285,-3536.312635835793,945.7545471914049,-41.47403374265625,62.21610541406239,0.0,421.5943470901446,0.0
4,36,-3182.5508202143883,1065.8915757328575,-58.840439302264656,66.79033014492256,0.0,259.80422056710285,-3481.587247317266,975.3514325746665,-41.47403374265625,62.21610541406239,0.0,421.5943470901446,0.0
4,37,-3248.286440869722,1054.0688697005714,-58.840439302264656,66.79033014492256,0.0,259.80422056710285,-3426.861858798738,1004.9483179579283,-41.47403374265625,62.21610541406239,0.0,421.5943470901446,0.0
4,38,-3314.022061525055,1042.2461636682856,-58.840439302264656,66.79033014492256,0.0,259.80422056710285,-3372.1364702802107,1034.54520334119,-41.47403374265625,62.21610541406239,0.0,421.5943470901446,0.0
4,39,-3379.7576821803887,1030.4234576359995,-58.840439302264656,66.79033014492256,0.0,259.80422056710285,-3317.411081761683,1064.1420887244517,-41.47403374265625,62.21610541406239,0.0,421.5943470901446,0.0
4,40,-3445.4933028357223,1018.6007516037135,-58.840439302264656,66.79033014492256,0.0,259.80422056710285,-3262.685693243155,1093.7389741077134,-41.47403374265625,62.21610541406239,0.0,421.5943470901446,0.0
4,41,-3511.2289234910554,1006.7780455714276,-58.840439302264656,66.79033014492256,0.0,259.80422056710285,-3207.960304724628,1123.3358594909753,-41.47403374265625,62.21610541406239,0.0,421.5943470901446,0.0
4,42,-3576.964544146389,994.9553395391416,-58.840439302264656,66.79033014492256,0.0,259.80422056710285,-3153.2349162061,1152.932744874237,-41.47403374265625,62.21610541406239,0.0,421.5943470901446,0.0
4,43,-3642.700164801722,983.1326335068557,-58.840439302264656,66.79033014492256,0.0,259.80422056710285,-3098.5095276875727,1182.5296302574986,-41.47403374265625,62.21610541406239,0.0,421.5943470901446,0.0
4,44,-3708.4357854570558,971.3099274745697,-58.840439302264656,66.79033014492256,0.0,259.80422056710285,-3043.784139169045,1212.1265156407603,-41.47403374265625,62.21610541406239,0.0,421.5943470901446,0.0
4,45,-3774.1714061123894,959.4872214422837,-58.840439302264656,66.79033014492256,0.0,259.80422056710285,-2989.058750650517,1241.7234010240222,-41.47403374265625,62.21610541406239,0.0,421.5943470901446,0.0
4,46,-3839.9070267677225,947.6645154099976,-58.840439302264656,66.79033014492256,0.0,259.80422056710285,-2934.33336213199,1271.320286407284,-41.47403374265625,62.21610541406239,0.0,421.5943470901446,0.0
4,47,-3905.642647423056,935.8418093777117,-58.840439302264656,66.79033014492256,0.0,259.80422056710285,-2879.607973613462,1300.9171717905456,-41.47403374265625,62.21610541406239,0.0,421.5943470901446,0.0
4,48,-3971.3782680783897,924.0191033454257,-58.840439302264656,66.79033014492256,0.0,259.80422056710285,-2824.8825850949343,1330.5140571738075,-41.47403374265625,62.21610541406239,0.0,421.5943470901446,0.0
4,49,-4037.113888733723,912.1963973131398,-58.840439302264656,66.79033014492256,0.0,259.80422056710285,-2770.157196576407,1360.110942557069,-41.47403374265625,62.21610541406239,0.0,421.5943470901446,0.0
5,0,-5396.691469409125,1602.7022889073971,302.412904456098,65.44122459239493,0.0,120.2408521177635,-1962.9233547613467,-1848.0283857907466,302.5952280641636,64.9123090631809,0.0,330.42427190279955,0.0
5,1,-5340.155753196017,1569.7437290416615,302.412904456098,65.44122459239493,0.0,120.2408521177635,-1994.9623492232665,-1791.5738846258,302.5952280641636,64.9123090631809,0.0,330.42427190279955,0.0
5,2,-5283.62003698291,1536.7851691759258,302.412904456098,65.44122459239493,0.0,120.2408521177635,-2027.0013436851866,-1735.119383460853,302.5952280641636,64.9123090631809,0.0,330.42427190279955,0.0
5,3,-5227.0843207698035,1503.82660931019,302.412904456098,65.44122459239493,0.0,120.2408521177635,-2059.040338147107,-1678.6648822959064,302.5952280641636,64.9123090631809,0.0,330.42427190279955,0.0
5,4,-5170.548604556696,1470.8680494444543,302.412904456098,65.44122459239493,0.0,120.2408521177635,-2091.079332609027,-1622.2103811309596,302.5952280641636,64.9123090631809,0.0,330.42427190279955,0.0
5,5,-5114.012888343589,1437.9094895787184,302.412904456098,65.44122459239493,0.0,120.2408521177635,-2123.1183270709466,-1565.755879966013,302.5952280641636,64.9123090631809,0.0,330.42427190279955,0.0
5,6,-5057.477172130481,1404.9509297129825,302.412904456098,65.44122459239493,0.0,120.2408521177635,-2155.1573215328667,-1509.3013788010662,302.5952280641636,64.9123090631809,0.0,330.42427190279955,0.0
5,7,-5000.941455917375,1371.9923698472467,302.412904456098,65.44122459239493,0.0,120.2408521177635,-2187.196315994787,-1452.8468776361194,302.5952280641636,64.9123090631809,0.0,330.42427190279955,0.0
5,8,-4944.405739704267,1339.0338099815108,302.412904456098,65.44122459239493,0.0,120.2408521177635,-2219.235310456707,-1396.3923764711726,302.5952280641636,64.9123090631809,0.0,330.42427190279955,0.0
5,9,-4887.87002349116,1306.0752501157751,302.412904456098,65.44122459239493,0.0,120.2408521177635,-2251.2743049186265,-1339.9378753062258,302.5952280641636,64.9123090631809,0.0,330.42427190279955,0.0
5,10,-4831.3343072780535,1273.1166902500395,302.412904456098,65.44122459239493,0.0,120.2408521177635,-2283.3132993805466,-1283.4833741412792,302.5952280641636,64.9123090631809,0.0,330.42427190279955,0.0
5,11,-4774.798591064946,1240.1581303843036,302.412904456098,65.44122459239493,0.0,120.2408521177635,-2315.3522938424667,-1227.0288729763324,302.5952280641636,64.9123090631809,0.0,330.42427190279955,0.0
5,12,-4718.262874851839,1207.1995705185677,302.412904456098,65.44122459239493,0.0,120.2408521177635,-2347.3912883043868,-1170.5743718113856,302.5952280641636,64.9123090631809,0.0,330.42427190279955,0.0
5,13,-4661.727158638731,1174.2410106528318,302.412904456098,65.44122459239493,0.0,120.2408521177635,-2379.430282766307,-1114.1198706464388,302.5952280641636,64.9123090631809,0.0,330.42427190279955,0.0
5,14,-4605.191442425625,1141.282450787096,302.412904456098,65.44122459239493,0.0,120.2408521177635,-2411.4692772282265,-1057.6653694814922,302.5952280641636,64.9123090631809,0.0,330.42427190279955,0.0
5,15,-4548.655726212518,1108.3238909213605,302.412904456098,65.44122459239493,0.0,120.2408521177635,-2443.5082716901466,-1001.2108683165454,302.5952280641636,64.9123090631809,0.0,330.42427190279955,0.0
5,16,-4492.12000999941,1075.3653310556247,302.412904456098,65.44122459239493,0.0,120.2408521177635,-2475.5472661520666,-944.7563671515984,302.5952280641636,64.9123090631809,0.0,330.42427190279955,0.0
5,17,-4435.5842937863035,1042.4067711898888,302.412904456098,65.44122459239493,0.0,120.2408521177635,-2507.5862606139867,-888.3018659866516,302.5952280641636,64.9123090631809,0.0,330.42427190279955,0.0
5,18,-4379.048577573196,1009.448211324153,302.412904456098,65.44122459239493,0.0,120.2408521177635,-2539.625255075907,-831.8473648217048,302.5952280641636,64.9123090631809,0.0,330.42427190279955,0.0
5,19,-4322.512861360089,976.4896514584171,302.412904456098,65.44122459239493,0.0,120.2408521177635,-2571.6642495378264,-775.3928636567582,302.5952280641636,64.9123090631809,0.0,330.42427190279955,0.0
5,20,-4265.9771451469815,943.5310915926814,302.412904456098,65.44122459239493,0.0,120.2408521177635,-2603.7032439997465,-718.9383624918114,302.5952280641636,64.9123090631809,0.0,330.42427190279955,0.0
5,21,-4209.441428933875,910.5725317269456,302.412904456098,65.44122459239493,0.0,120.2408521177635,-2635.7422384616666,-662.4838613268646,302.5952280641636,64.9123090631809,0.0,330.42427190279955,0.0
5,22,-4152.905712720768,877.6139718612098,302.412904456098,65.44122459239493,0.0,120.2408521177635,-2667.7812329235867,-606.0293601619179,302.5952280641636,64.9123090631809,0.0,330.42427190279955,0.0
5,23,-4096.36999650766,844.655411995474,302.412904456098,65.44122459239493,0.0,120.2408521177635,-2699.8202273855068,-549.5748589969711,302.5952280641636,64.9123090631809,0.0,330.42427190279955,0.0
5,24,-4039.8342802945535,811.6968521297382,302.412904456098,65.44122459239493,0.0,120.2408521177635,-2731.859221847427,-493.1203578320243,302.5952280641636,64.9123090631809,0.0,330.42427190279955,0.0
5,25,-3983.2985640814463,778.7382922640024,302.412904456098,65.44122459239493,0.0,120.2408521177635,-2763.8982163093465,-436.6658566670776,302.5952280641636,64.9123090631809,0.0,330.42427190279955,0.0
5,26,-3926.762847868339,745.7797323982666,302.412904456098,65.44122459239493,0.0,120.2408521177635,-2795.9372107712666,-380.2113555021308,302.5952280641636,64.9123090631809,0.0,330.42427190279955,0.0
5,27,-3870.227131655232,712.8211725325309,302.412904456098,65.44122459239493,0.0,120.2408521177635,-2827.9762052331866,-323.7568543371841,302.5952280641636,64.9123090631809,0.0,330.42427190279955,0.0
5,28,-3813.6914154421247,679.862612666795,302.412904456098,65.44122459239493,0.0,120.2408521177635,-2860.0151996951067,-267.3023531722373,302.5952280641636,64.9123090631809,0.0,330.42427190279955,0.0
5,29,-3757.1556992290175,646.9040528010592,302.412904456098,65.44122459239493,0.0,120.2408521177635,-2892.0541941570264,-210.8478520072905,302.5952280641636,64.9123090631809,0.0,330.42427190279955,0.0
5,30,-3700.6199830159107,613.9454929353235,302.412904456098,65.44122459239493,0.0,120.2408521177635,-2924.0931886189464,-154.39335084234375,302.5952280641636,64.9123090631809,0.0,330.42427190279955,0.0
5,31,-3644.0842668028035,580.9869330695876,302.412904456098,65.44122459239493,0.0,120.2408521177635,-2956.1321830808665,-97.938849677397,302.5952280641636,64.9123090631809,0.0,330.42427190279955,0.0
5,32,-3587.5485505896963,548.0283732038519,302.412904456098,65.44122459239493,0.0,120.2408521177635,-2988.1711775427866,-41.484348512450254,302.5952280641636,64.9123090631809,0.0,330.42427190279955,0.0
5,33,-3531.012834376589,515.0698133381161,302.412904456098,65.44122459239493,0.0,120.2408521177635,-3020.2101720047062,14.970152652496495,302.5952280641636,64.9123090631809,0.0,330.42427190279955,0.0
5,34,-3474.477118163482,482.1112534723802,302.412904456098,65.44122459239493,0.0,120.2408521177635,-3052.2491664666263,71.42465381744336,302.5952280641636,64.9123090631809,0.0,330.42427190279955,0.0
5,35,-3417.9414019503747,449.15269360664445,302.412904456098,65.44122459239493,0.0,120.2408521177635,-3084.2881609285464,127.87915498239013,302.5952280641636,64.9123090631809,0.0,330.42427190279955,0.0
5,36,-3361.405685737268,416.1941337409087,302.412904456098,65.44122459239493,0.0,120.2408521177635,-3116.3271553904665,184.33365614733688,302.5952280641636,64.9123090631809,0.0,330.42427190279955,0.0
5,37,-3304.8699695241608,383.23557387517286,302.412904456098,65.44122459239493,0.0,120.2408521177635,-3148.3661498523866,240.78815731228366,302.5952280641636,64.9123090631809,0.0,330.42427190279955,0.0
5,38,-3248.3342533110535,350.27701400943704,302.412904456098,65.44122459239493,0.0,120.2408521177635,-3180.405144314306,297.2426584772304,302.5952280641636,64.9123090631809,0.0,330.42427190279955,0.0
5,39,-3191.7985370979463,317.3184541437013,302.412904456098,65.44122459239493,0.0,120.2408521177635,-3212.4441387762263,353.6971596421772,302.5952280641636,64.9123090631809,0.0,330.42427190279955,0.0
5,40,-3135.262820884839,284.3598942779655,302.412904456098,65.44122459239493,0.0,120.2408521177635,-3244.4831332381464,410.15166080712396,302.5952280641636,64.9123090631809,0.0,330.42427190279955,0.0
5,41,-3078.727104671732,251.4013344122297,302.412904456098,65.44122459239493,0.0,120.2408521177635,-3276.5221277000664,466.6061619720707,302.5952280641636,64.9123090631809,0.0,330.42427190279955,0.0
5,42,-3022.1913884586247,218.44277454649387,302.412904456098,65.44122459239493,0.0,120.2408521177635,-3308.5611221619865,523.0606631370175,302.5952280641636,64.9123090631809,0.0,330.42427190279955,0.0
5,43,-2965.655672245518,185.4842146807581,302.412904456098,65.44122459239493,0.0,120.2408521177635,-3340.600116623906,579.5151643019643,302.5952280641636,64.9123090631809,0.0,330.42427190279955,0.0
5,44,-2909.1199560324108,152.5256548150223,302.412904456098,65.44122459239493,0.0,120.2408521177635,-3372.6391110858262,635.969665466911,302.5952280641636,64.9123090631809,0.0,330.42427190279955,0.0
5,45,-2852.5842398193035,119.56709494928648,302.412904456098,65.44122459239493,0.0,120.2408521177635,-3404.6781055477463,692.4241666318578,302.5952280641636,64.9123090631809,0.0,330.42427190279955,0.0
5,46,-2796.0485236061963,86.60853508355069,302.412904456098,65.44122459239493,0.0,120.2408521177635,-3436.7171000096664,748.8786677968046,302.5952280641636,64.9123090631809,0.0,330.42427190279955,0.0
5,47,-2739.512807393089,53.64997521781493,302.412904456098,65.44122459239493,0.0,120.2408521177635,-3468.7560944715865,805.3331689617514,302.5952280641636,64.9123090631809,0.0,330.42427190279955,0.0
5,48,-2682.977091179982,20.691415352079105,302.412904456098,65.44122459239493,0.0,120.2408521177635,-3500.795088933506,861.7876701266981,302.5952280641636,64.9123090631809,0.0,330.42427190279955,0.0
5,49,-2626.441374966875,-12.26714451365666,302.412904456098,65.44122459239493,0.0,120.2408521177635,-3532.834083395426,918.2421712916449,302.5952280641636,64.9123090631809,0.0,330.42427190279955,0.0
6,0,296.09165399237054,4598.916233929351,-72.16111367775045,68.16785005603893,0.0,269.5350016331775,-4602.996946560566,3545.3455831180936,-84.54012022735223,64.92303476632252,0.0,425.27003366537934,0.0
6,1,227.92604887669222,4598.3630066017895,-72.16111367775045,68.16785005603893,0.0,269.5350016331775,-4544.028035506804,3572.5056267926275,-84.54012022735223,64.92303476632252,0.0,425.27003366537934,0.0
6,2,159.76044376101345,4597.809779274228,-72.16111367775045,68.16785005603893,0.0,269.5350016331775,-4485.0591244530415,3599.665670467161,-84.54012022735223,64.92303476632252,0.0,425.27003366537934,0.0
6,3,91.59483864533422,4597.256551946667,-72.16111367775045,68.16785005603893,0.0,269.5350016331775,-4426.090213399279,3626.8257141416943,-84.54012022735223,64.92303476632252,0.0,425.27003366537934,0.0
6,4,23.429233529655903,4596.703324619106,-72.16111367775045,68.16785005603893,0.0,269.5350016331775,-4367.121302345516,3653.9857578162278,-84.54012022735223,64.92303476632252,0.0,425.27003366537934,0.0
6,5,-44.73637158602287,4596.150097291545,-72.16111367775045,68.16785005603893,0.0,269.5350016331775,-4308.152391291754,3681.145801490761,-84.54012022735223,64.92303476632252,0.0,425.27003366537934,0.0
6,6,-112.90197670170164,4595.596869963983,-72.16111367775045,68.16785005603893,0.0,269.5350016331775,-4249.183480237991,3708.305845165295,-84.54012022735223,64.92303476632252,0.0,425.27003366537934,0.0
6,7,-181.06758181738041,4595.043642636422,-72.16111367775045,68.16785005603893,0.0,269.5350016331775,-4190.214569184229,3735.4658888398285,-84.54012022735223,64.92303476632252,0.0,425.27003366537934,0.0
6,8,-249.2331869330592,4594.490415308861,-72.16111367775045,68.16785005603893,0.0,269.5350016331775,-4131.245658130466,3762.625932514362,-84.54012022735223,64.92303476632252,0.0,425.27003366537934,0.0
6,9,-317.39879204873773,4593.937187981299,-72.16111367775045,68.16785005603893,0.0,269.5350016331775,-4072.2767470767035,3789.785976188896,-84.54012022735223,64.92303476632252,0.0,425.27003366537934,0.0
6,10,-385.56439716441673,4593.383960653738,-72.16111367775045,68.16785005603893,0.0,269.5350016331775,-4013.307836022941,3816.9460198634292,-84.54012022735223,64.92303476632252,0.0,425.27003366537934,0.0
6,11,-453.7300022800953,4592.830733326176,-72.16111367775045,68.16785005603893,0.0,269.5350016331775,-3954.3389249691786,3844.1060635379627,-84.54012022735223,64.92303476632252,0.0,425.27003366537934,0.0
6,12,-521.895607395774,4592.277505998615,-72.16111367775045,68.16785005603893,0.0,269.5350016331775,-3895.370013915416,3871.2661072124965,-84.54012022735223,64.92303476632252,0.0,425.27003366537934,0.0
6,13,-590.0612125114528,4591.724278671054,-72.16111367775045,68.16785005603893,0.0,269.5350016331775,-3836.4011028616537,3898.4261508870295,-84.54012022735223,64.92303476632252,0.0,425.27003366537934,0.0
6,14,-658.2268176271314,4591.171051343493,-72.16111367775045,68.16785005603893,0.0,269.5350016331775,-3777.4321918078913,3925.5861945615634,-84.54012022735223,64.92303476632252,0.0,425.27003366537934,0.0
6,15,-726.3924227428104,4590.617824015932,-72.16111367775045,68.16785005603893,0.0,269.5350016331775,-3718.463280754129,3952.746238236097,-84.54012022735223,64.92303476632252,0.0,425.27003366537934,0.0
6,16,-794.5580278584891,4590.06459668837,-72.16111367775045,68.16785005603893,0.0,269.5350016331775,-3659.4943697003664,3979.9062819106302,-84.54012022735223,64.92303476632252,0.0,425.27003366537934,0.0
6,17,-862.7236329741677,4589.511369360809,-72.16111367775045,68.16785005603893,0.0,269.5350016331775,-3600.5254586466035,4007.066325585164,-84.54012022735223,64.92303476632252,0.0,425.27003366537934,0.0
6,18,-930.8892380898465,4588.958142033248,-72.16111367775045,68.16785005603893,0.0,269.5350016331775,-3541.5565475928415,4034.2263692596975,-84.54012022735223,64.92303476632252,0.0,425.27003366537934,0.0
6,19,-999.0548432055252,4588.404914705687,-72.16111367775045,68.16785005603893,0.0,269.5350016331775,-3482.5876365390786,4061.386412934231,-84.54012022735223,64.92303476632252,0.0,425.27003366537934,0.0
6,20,-1067.2204483212038,4587.8516873781255,-72.16111367775045,68.16785005603893,0.0,269.5350016331775,-3423.618725485316,4088.5464566087644,-84.54012022735223,64.92303476632252,0.0,425.27003366537934,0.0
6,21,-1135.3860534368828,4587.298460050564,-72.16111367775045,68.16785005603893,0.0,269.5350016331775,-3364.6498144315538,4115.706500283298,-84.54012022735223,64.92303476632252,0.0,425.27003366537934,0.0
6,22,-1203.5516585525613,4586.745232723003,-72.16111367775045,68.16785005603893,0.0,269.5350016331775,-3305.6809033777913,4142.866543957832,-84.54012022735223,64.92303476632252,0.0,425.27003366537934,0.0
6,23,-1271.71726366824,4586.192005395442,-72.16111367775045,68.16785005603893,0.0,269.5350016331775,-3246.711992324029,4170.026587632366,-84.54012022735223,64.92303476632252,0.0,425.27003366537934,0.0
6,24,-1339.8828687839186,4585.638778067881,-72.16111367775045,68.16785005603893,0.0,269.5350016331775,-3187.743081270266,4197.186631306899,-84.54012022735223,64.92303476632252,0.0,425.27003366537934,0.0
6,25,-1408.0484738995974,4585.085550740319,-72.16111367775045,68.16785005603893,0.0,269.5350016331775,-3128.774170216504,4224.346674981432,-84.54012022735223,64.92303476632252,0.0,425.27003366537934,0.0
6,26,-1476.2140790152762,4584.532323412758,-72.16111367775045,68.16785005603893,0.0,269.5350016331775,-3069.805259162741,4251.506718655965,-84.54012022735223,64.92303476632252,0.0,425.27003366537934,0.0
6,27,-1544.379684130955,4583.979096085197,-72.16111367775045,68.16785005603893,0.0,269.5350016331775,-3010.8363481089787,4278.666762330499,-84.54012022735223,64.92303476632252,0.0,425.27003366537934,0.0
6,28,-1612.5452892466337,4583.425868757636,-72.16111367775045,68.16785005603893,0.0,269.5350016331775,-2951.867437055216,4305.826806005033,-84.54012022735223,64.92303476632252,0.0,425.27003366537934,0.0
6,29,-1680.7108943623125,4582.8726414300745,-72.16111367775045,68.16785005603893,0.0,269.5350016331775,-2892.898526001454,4332.986849679566,-84.54012022735223,64.92303476632252,0.0,425.27003366537934,0.0
6,30,-1748.8764994779913,4582.319414102513,-72.16111367775045,68.16785005603893,0.0,269.5350016331775,-2833.9296149476913,4360.1468933541,-84.54012022735223,64.92303476632252,0.0,425.27003366537934,0.0
6,31,-1817.04210459367,4581.766186774952,-72.16111367775045,68.16785005603893,0.0,269.5350016331775,-2774.9607038939284,4387.306937028634,-84.54012022735223,64.92303476632252,0.0,425.27003366537934,0.0
6,32,-1885.2077097093486,4581.212959447391,-72.16111367775045,68.16785005603893,0.0,269.5350016331775,-2715.9917928401665,4414.466980703167,-84.54012022735223,64.92303476632252,0.0,425.27003366537934,0.0
6,33,-1953.3733148250274,4580.65973211983,-72.16111367775045,68.16785005603893,0.0,269.5350016331775,-2657.0228817864036,4441.627024377701,-84.54012022735223,64.92303476632252,0.0,425.27003366537934,0.0
6,34,-2021.5389199407061,4580.106504792268,-72.16111367775045,68.16785005603893,0.0,269.5350016331775,-2598.053970732641,4468.787068052235,-84.54012022735223,64.92303476632252,0.0,425.27003366537934,0.0
6,35,-2089.7045250563847,4579.553277464707,-72.16111367775045,68.16785005603893,0.0,269.5350016331775,-2539.0850596788787,4495.947111726768,-84.54012022735223,64.92303476632252,0.0,425.27003366537934,0.0
6,36,-2157.8701301720635,4579.000050137146,-72.16111367775045,68.16785005603893,0.0,269.5350016331775,-2480.1161486251162,4523.1071554013015,-84.54012022735223,64.92303476632252,0.0,425.27003366537934,0.0
6,37,-2226.035735287742,4578.446822809585,-72.16111367775045,68.16785005603893,0.0,269.5350016331775,-2421.147237571354,4550.2671990758345,-84.54012022735223,64.92303476632252,0.0,425.27003366537934,0.0
6,38,-2294.201340403421,4577.893595482024,-72.16111367775045,68.16785005603893,0.0,269.5350016331775,-2362.1783265175914,4577.427242750368,-84.54012022735223,64.92303476632252,0.0,425.27003366537934,0.0
6,39,-2362.3669455190998,4577.340368154462,-72.16111367775045,68.16785005603893,0.0,269.5350016331775,-2303.209415463829,4604.587286424902,-84.54012022735223,64.92303476632252,0.0,425.27003366537934,0.0
6,40,-2430.5325506347785,4576.787140826901,-72.16111367775045,68.16785005603893,0.0,269.5350016331775,-2244.240504410066,4631.747330099435,-84.54012022735223,64.92303476632252,0.0,425.27003366537934,0.0
6,41,-2498.6981557504573,4576.23391349934,-72.16111367775045,68.16785005603893,0.0,269.5350016331775,-2185.2715933563036,4658.907373773969,-84.54012022735223,64.92303476632252,0.0,425.27003366537934,0.0
6,42,-2566.863760866136,4575.680686171779,-72.16111367775045,68.16785005603893,0.0,269.5350016331775,-2126.302682302541,4686.067417448503,-84.54012022735223,64.92303476632252,0.0,425.27003366537934,0.0
6,43,-2635.029365981815,4575.1274588442175,-72.16111367775045,68.16785005603893,0.0,269.5350016331775,-2067.3337712487787,4713.227461123036,-84.54012022735223,64.92303476632252,0.0,425.27003366537934,0.0
6,44,-2703.194971097493,4574.574231516656,-72.16111367775045,68.16785005603893,0.0,269.5350016331775,-2008.3648601950163,4740.38750479757,-84.54012022735223,64.92303476632252,0.0,425.27003366537934,0.0
6,45,-2771.360576213172,4574.021004189095,-72.16111367775045,68.16785005603893,0.0,269.5350016331775,-1949.3959491412536,4767.547548472104,-84.54012022735223,64.92303476632252,0.0,425.27003366537934,0.0
6,46,-2839.5261813288507,4573.467776861534,-72.16111367775045,68.16785005603893,0.0,269.5350016331775,-1890.4270380874912,4794.707592146637,-84.54012022735223,64.92303476632252,0.0,425.27003366537934,0.0
6,47,-2907.6917864445295,4572.914549533973,-72.16111367775045,68.16785005603893,0.0,269.5350016331775,-1831.4581270337285,4821.867635821171,-84.54012022735223,64.92303476632252,0.0,425.27003366537934,0.0
6,48,-2975.8573915602083,4572.361322206411,-72.16111367775045,68.16785005603893,0.0,269.5350016331775,-1772.489215979966,4849.0276794957035,-84.54012022735223,64.92303476632252,0.0,425.27003366537934,0.0
6,49,-3044.022996675887,4571.80809487885,-72.16111367775045,68.16785005603893,0.0,269.5350016331775,-1713.5203049262036,4876.187723170237,-84.54012022735223,64.92303476632252,0.0,425.27003366537934,0.0
7,0,2857.0220838335404,-2530.7588709470074,-401.1798100888101,63.67970025512036,0.0,283.6378795260524,-1119.7936794633051,-59.012208148827085,-428.3445113465563,64.72016716246216,0.0,500.3468268178165,0.0
7,1,2795.137811684378,-2515.7441753073863,-401.1798100888101,63.67970025512036,0.0,283.6378795260524,-1078.4932304484905,-108.84164672394786,-428.3445113465563,64.72016716246216,0.0,500.3468268178165,0.0
7,2,2733.2535395352165,-2500.729479667765,-401.1798100888101,63.67970025512036,0.0,283.6378795260524,-1037.1927814336757,-158.67108529906864,-428.3445113465563,64.72016716246216,0.0,500.3468268178165,0.0
7,3,2671.369267386055,-2485.714784028144,-401.1798100888101,63.67970025512036,0.0,283.6378795260524,-995.8923324188611,-208.50052387418964,-428.3445113465563,64.72016716246216,0.0,500.3468268178165,0.0
7,4,2609.4849952368927,-2470.700088388523,-401.1798100888101,63.67970025512036,0.0,283.6378795260524,-954.5918834040463,-258.3299624493102,-428.3445113465563,64.72016716246216,0.0,500.3468268178165,0.0
7,5,2547.6007230877312,-2455.6853927489014,-401.1798100888101,63.67970025512036,0.0,283.6378795260524,-913.2914343892317,-308.15940102443096,-428.3445113465563,64.72016716246216,0.0,500.3468268178165,0.0
7,6,2485.7164509385693,-2440.6706971092804,-401.1798100888101,63.67970025512036,0.0,283.6378795260524,-871.990985374417,-357.98883959955174,-428.3445113465563,64.72016716246216,0.0,500.3468268178165,0.0
7,7,2423.8321787894074,-2425.6560014696593,-401.1798100888101,63.67970025512036,0.0,283.6378795260524,-830.6905363596022,-407.8182781746725,-428.3445113465563,64.72016716246216,0.0,500.3468268178165,0.0
7,8,2361.947906640246,-2410.641305830038,-401.1798100888101,63.67970025512036,0.0,283.6378795260524,-789.3900873447876,-457.6477167497933,-428.3445113465563,64.72016716246216,0.0,500.3468268178165,0.0
7,9,2300.0636344910845,-2395.626610190417,-401.1798100888101,63.67970025512036,0.0,283.6378795260524,-748.089638329973,-507.4771553249143,-428.3445113465563,64.72016716246216,0.0,500.3468268178165,0.0
7,10,2238.1793623419226,-2380.611914550796,-401.1798100888101,63.67970025512036,0.0,283.6378795260524,-706.7891893151582,-557.3065939000348,-428.3445113465563,64.72016716246216,0.0,500.3468268178165,0.0
7,11,2176.2950901927607,-2365.597218911175,-401.1798100888101,63.67970025512036,0.0,283.6378795260524,-665.4887403003436,-607.1360324751556,-428.3445113465563,64.72016716246216,0.0,500.3468268178165,0.0
7,12,2114.4108180435987,-2350.5825232715533,-401.1798100888101,63.67970025512036,0.0,283.6378795260524,-624.1882912855287,-656.9654710502766,-428.3445113465563,64.72016716246216,0.0,500.3468268178165,0.0
7,13,2052.526545894437,-2335.5678276319322,-401.1798100888101,63.67970025512036,0.0,283.6378795260524,-582.8878422707141,-706.7949096253974,-428.3445113465563,64.72016716246216,0.0,500.3468268178165,0.0
7,14,1990.6422737452754,-2320.553131992311,-401.1798100888101,63.67970025512036,0.0,283.6378795260524,-541.5873932558994,-756.6243482005182,-428.3445113465563,64.72016716246216,0.0,500.3468268178165,0.0
7,15,1928.7580015961137,-2305.53843635269,-401.1798100888101,63.67970025512036,0.0,283.6378795260524,-500.2869442410847,-806.453786775639,-428.3445113465563,64.72016716246216,0.0,500.3468268178165,0.0
7,16,1866.873729446952,-2290.523740713069,-401.1798100888101,63.67970025512036,0.0,283.6378795260524,-458.98649522627,-856.2832253507597,-428.3445113465563,64.72016716246216,0.0,500.3468268178165,0.0
7,17,1804.98945729779,-2275.509045073448,-401.1798100888101,63.67970025512036,0.0,283.6378795260524,-417.6860462114553,-906.1126639258805,-428.3445113465563,64.72016716246216,0.0,500.3468268178165,0.0
7,18,1743.1051851486284,-2260.4943494338268,-401.1798100888101,63.67970025512036,0.0,283.6378795260524,-376.3855971966407,-955.9421025010013,-428.3445113465563,64.72016716246216,0.0,500.3468268178165,0.0
7,19,1681.2209129994667,-2245.4796537942057,-401.1798100888101,63.67970025512036,0.0,283.6378795260524,-335.08514818182596,-1005.771541076122,-428.3445113465563,64.72016716246216,0.0,500.3468268178165,0.0
7,20,1619.3366408503048,-2230.464958154584,-401.1798100888101,63.67970025512036,0.0,283.6378795260524,-293.7846991670111,-1055.600979651243,-428.3445113465563,64.72016716246216,0.0,500.3468268178165,0.0
7,21,1557.4523687011433,-2215.450262514963,-401.1798100888101,63.67970025512036,0.0,283.6378795260524,-252.4842501521964,-1105.4304182263636,-428.3445113465563,64.72016716246216,0.0,500.3468268178165,0.0
7,22,1495.5680965519814,-2200.435566875342,-401.1798100888101,63.67970025512036,0.0,283.6378795260524,-211.1838011373817,-1155.2598568014846,-428.3445113465563,64.72016716246216,0.0,500.3468268178165,0.0
7,23,1433.6838244028195,-2185.420871235721,-401.1798100888101,63.67970025512036,0.0,283.6378795260524,-169.88335212256698,-1205.0892953766052,-428.3445113465563,64.72016716246216,0.0,500.3468268178165,0.0
7,24,1371.799552253658,-2170.4061755960997,-401.1798100888101,63.67970025512036,0.0,283.6378795260524,-128.58290310775237,-1254.9187339517262,-428.3445113465563,64.72016716246216,0.0,500.3468268178165,0.0
7,25,1309.915280104496,-2155.3914799564786,-401.1798100888101,63.67970025512036,0.0,283.6378795260524,-87.28245409293766,-1304.7481725268467,-428.3445113465563,64.72016716246216,0.0,500.3468268178165,0.0
7,26,1248.0310079553342,-2140.3767843168575,-401.1798100888101,63.67970025512036,0.0,283.6378795260524,-45.98200507812294,-1354.5776111019677,-428.3445113465563,64.72016716246216,0.0,500.3468268178165,0.0
7,27,1186.1467358061727,-2125.362088677236,-401.1798100888101,63.67970025512036,0.0,283.6378795260524,-4.681556063308221,-1404.4070496770883,-428.3445113465563,64.72016716246216,0.0,500.3468268178165,0.0
7,28,1124.2624636570108,-2110.347393037615,-401.1798100888101,63.67970025512036,0.0,283.6378795260524,36.61889295150644,-1454.2364882522093,-428.3445113465563,64.72016716246216,0.0,500.3468268178165,0.0
7,29,1062.3781915078491,-2095.332697397994,-401.1798100888101,63.67970025512036,0.0,283.6378795260524,77.91934196632116,-1504.0659268273298,-428.3445113465563,64.72016716246216,0.0,500.3468268178165,0.0
7,30,1000.4939193586874,-2080.3180017583727,-401.1798100888101,63.67970025512036,0.0,283.6378795260524,119.21979098113587,-1553.8953654024508,-428.3445113465563,64.72016716246216,0.0,500.3468268178165,0.0
7,31,938.6096472095255,-2065.3033061187516,-401.1798100888101,63.67970025512036,0.0,283.6378795260524,160.5202399959506,-1603.7248039775716,-428.3445113465563,64.72016716246216,0.0,500.3468268178165,0.0
7,32,876.7253750603638,-2050.2886104791305,-401.1798100888101,63.67970025512036,0.0,283.6378795260524,201.8206890107653,-1653.5542425526924,-428.3445113465563,64.72016716246216,0.0,500.3468268178165,0.0
7,33,814.8411029112021,-2035.2739148395094,-401.1798100888101,63.67970025512036,0.0,283.6378795260524,243.12113802557997,-1703.3836811278131,-428.3445113465563,64.72016716246216,0.0,500.3468268178165,0.0
7,34,752.9568307620403,-2020.259219199888,-401.1798100888101,63.67970025512036,0.0,283.6378795260524,284.4215870403947,-1753.213119702934,-428.3445113465563,64.72016716246216,0.0,500.3468268178165,0.0
7,35,691.0725586128785,-2005.244523560267,-401.1798100888101,63.67970025512036,0.0,283.6378795260524,325.7220360552094,-1803.0425582780547,-428.3445113465563,64.72016716246216,0.0,500.3468268178165,0.0
7,36,629.1882864637168,-1990.229827920646,-401.1798100888101,63.67970025512036,0.0,283.6378795260524,367.02248507002406,-1852.8719968531755,-428.3445113465563,64.72016716246216,0.0,500.3468268178165,0.0
7,37,567.304014314555,-1975.2151322810248,-401.1798100888101,63.67970025512036,0.0,283.6378795260524,408.3229340848388,-1902.7014354282962,-428.3445113465563,64.72016716246216,0.0,500.3468268178165,0.0
7,38,505.4197421653933,-1960.2004366414035,-401.1798100888101,63.67970025512036,0.0,283.6378795260524,449.6233830996535,-1952.530874003417,-428.3445113465563,64.72016716246216,0.0,500.3468268178165,0.0
7,39,443.53547001623156,-1945.1857410017824,-401.1798100888101,63.67970025512036,0.0,283.6378795260524,490.9238321144682,-2002.360312578538,-428.3445113465563,64.72016716246216,0.0,500.3468268178165,0.0
7,40,381.6511978670698,-1930.1710453621613,-401.1798100888101,63.67970025512036,0.0,283.6378795260524,532.2242811292829,-2052.1897511536586,-428.3445113465563,64.72016716246216,0.0,500.3468268178165,0.0
7,41,319.76692571790807,-1915.15634972254,-401.1798100888101,63.67970025512036,0.0,283.6378795260524,573.5247301440976,-2102.0191897287796,-428.3445113465563,64.72016716246216,0.0,500.3468268178165,0.0
7,42,257.88265356874626,-1900.1416540829189,-401.1798100888101,63.67970025512036,0.0,283.6378795260524,614.8251791589123,-2151.8486283039,-428.3445113465563,64.72016716246216,0.0,500.3468268178165,0.0
7,43,195.99838141958455,-1885.1269584432978,-401.1798100888101,63.67970025512036,0.0,283.6378795260524,656.125628173727,-2201.678066879021,-428.3445113465563,64.72016716246216,0.0,500.3468268178165,0.0
7,44,134.11410927042277,-1870.1122628036767,-401.1798100888101,63.67970025512036,0.0,283.6378795260524,697.4260771885417,-2251.507505454142,-428.3445113465563,64.72016716246216,0.0,500.3468268178165,0.0
7,45,72.22983712126103,-1855.0975671640554,-401.1798100888101,63.67970025512036,0.0,283.6378795260524,738.7265262033565,-2301.3369440292627,-428.3445113465563,64.72016716246216,0.0,500.3468268178165,0.0
7,46,10.345564972099282,-1840.0828715244343,-401.1798100888101,63.67970025512036,0.0,283.6378795260524,780.0269752181712,-2351.1663826043837,-428.3445113465563,64.72016716246216,0.0,500.3468268178165,0.0
7,47,-51.53870717706246,-1825.0681758848132,-401.1798100888101,63.67970025512036,0.0,283.6378795260524,821.3274242329858,-2400.995821179504,-428.3445113465563,64.72016716246216,0.0,500.3468268178165,0.0
7,48,-113.42297932622432,-1810.053480245192,-401.1798100888101,63.67970025512036,0.0,283.6378795260524,862.6278732478005,-2450.8252597546248,-428.3445113465563,64.72016716246216,0.0,500.3468268178165,0.0
7,49,-175.307251475386,-1795.0387846055708,-401.1798100888101,63.67970025512036,0.0,283.6378795260524,903.9283222626152,-2500.6546983297458,-428.3445113465563,64.72016716246216,0.0,500.3468268178165,0.0
8,0,254.52799488033543,1769.493661182125,50.365346954433676,67.45861425093864,0.0,107.40492087813493,5369.942874335803,1471.9652101641836,37.53245435974242,69.00462450311369,0.0,259.3592111555552,0.0
8,1,318.8979923088109,1749.315255206554,50.365346954433676,67.45861425093864,0.0,107.40492087813493,5302.1248433371975,1459.2234334321947,37.53245435974242,69.00462450311369,0.0,259.3592111555552,0.0
8,2,383.2679897372868,1729.1368492309825,50.365346954433676,67.45861425093864,0.0,107.40492087813493,5234.306812338591,1446.4816567002063,37.53245435974242,69.00462450311369,0.0,259.3592111555552,0.0
8,3,447.63798716576275,1708.9584432554113,50.365346954433676,67.45861425093864,0.0,107.40492087813493,5166.4887813399855,1433.739879968217,37.53245435974242,69.00462450311369,0.0,259.3592111555552,0.0
8,4,512.0079845942382,1688.7800372798401,50.365346954433676,67.45861425093864,0.0,107.40492087813493,5098.67075034138,1420.9981032362284,37.53245435974242,69.00462450311369,0.0,259.3592111555552,0.0
8,5,576.3779820227141,1668.6016313042687,50.365346954433676,67.45861425093864,0.0,107.40492087813493,5030.852719342774,1408.2563265042395,37.53245435974242,69.00462450311369,0.0,259.3592111555552,0.0
8,6,640.7479794511896,1648.4232253286978,50.365346954433676,67.45861425093864,0.0,107.40492087813493,4963.034688344168,1395.5145497722506,37.53245435974242,69.00462450311369,0.0,259.3592111555552,0.0
8,7,705.1179768796655,1628.2448193531263,50.365346954433676,67.45861425093864,0.0,107.40492087813493,4895.2166573455615,1382.7727730402619,37.53245435974242,69.00462450311369,0.0,259.3592111555552,0.0
8,8,769.4879743081412,1608.066413377555,50.365346954433676,67.45861425093864,0.0,107.40492087813493,4827.398626346956,1370.0309963082732,37.53245435974242,69.00462450311369,0.0,259.3592111555552,0.0
8,9,833.8579717366167,1587.888007401984,50.365346954433676,67.45861425093864,0.0,107.40492087813493,4759.5805953483505,1357.2892195762843,37.53245435974242,69.00462450311369,0.0,259.3592111555552,0.0
8,10,898.2279691650926,1567.7096014264125,50.365346954433676,67.45861425093864,0.0,107.40492087813493,4691.762564349745,1344.5474428442953,37.53245435974242,69.00462450311369,0.0,259.3592111555552,0.0
8,11,962.5979665935683,1547.5311954508413,50.365346954433676,67.45861425093864,0.0,107.40492087813493,4623.9445333511385,1331.8056661123067,37.53245435974242,69.00462450311369,0.0,259.3592111555552,0.0
8,12,1026.967964022044,1527.3527894752701,50.365346954433676,67.45861425093864,0.0,107.40492087813493,4556.126502352533,1319.063889380318,37.53245435974242,69.00462450311369,0.0,259.3592111555552,0.0
8,13,1091.33796145052,1507.1743834996987,50.365346954433676,67.45861425093864,0.0,107.40492087813493,4488.3084713539265,1306.322112648329,37.53245435974242,69.00462450311369,0.0,259.3592111555552,0.0
8,14,1155.7079588789957,1486.9959775241275,50.365346954433676,67.45861425093864,0.0,107.40492087813493,4420.490440355321,1293.5803359163401,37.53245435974242,69.00462450311369,0.0,259.3592111555552,0.0
8,15,1220.0779563074714,1466.8175715485563,50.365346954433676,67.45861425093864,0.0,107.40492087813493,4352.672409356715,1280.8385591843512,37.53245435974242,69.00462450311369,0.0,259.3592111555552,0.0
8,16,1284.447953735947,1446.6391655729851,50.365346954433676,67.45861425093864,0.0,107.40492087813493,4284.854378358109,1268.0967824523625,37.53245435974242,69.00462450311369,0.0,259.3592111555552,0.0
8,17,1348.8179511644225,1426.460759597414,50.365346954433676,67.45861425093864,0.0,107.40492087813493,4217.036347359503,1255.3550057203738,37.53245435974242,69.00462450311369,0.0,259.3592111555552,0.0
8,18,1413.1879485928985,1406.2823536218425,50.365346954433676,67.45861425093864,0.0,107.40492087813493,4149.218316360897,1242.613228988385,37.53245435974242,69.00462450311369,0.0,259.3592111555552,0.0
8,19,1477.5579460213742,1386.1039476462713,50.365346954433676,67.45861425093864,0.0,107.40492087813493,4081.4002853622915,1229.871452256396,37.53245435974242,69.00462450311369,0.0,259.3592111555552,0.0
8,20,1541.9279434498499,1365.9255416707,50.365346954433676,67.45861425093864,0.0,107.40492087813493,4013.582254363686,1217.1296755244073,37.53245435974242,69.00462450311369,0.0,259.3592111555552,0.0
8,21,1606.2979408783258,1345.7471356951287,50.365346954433676,67.45861425093864,0.0,107.40492087813493,3945.7642233650795,1204.3878987924184,37.53245435974242,69.00462450311369,0.0,259.3592111555552,0.0
8,22,1670.6679383068015,1325.5687297195575,50.365346954433676,67.45861425093864,0.0,107.40492087813493,3877.946192366474,1191.6461220604297,37.53245435974242,69.00462450311369,0.0,259.3592111555552,0.0
8,23,1735.0379357352772,1305.3903237439863,50.365346954433676,67.45861425093864,0.0,107.40492087813493,3810.1281613678684,1178.9043453284407,37.53245435974242,69.00462450311369,0.0,259.3592111555552,0.0
8,24,1799.4079331637527,1285.211917768415,50.365346954433676,67.45861425093864,0.0,107.40492087813493,3742.310130369262,1166.162568596452,37.53245435974242,69.00462450311369,0.0,259.3592111555552,0.0
8,25,1863.7779305922286,1265.033511792844,50.365346954433676,67.45861425093864,0.0,107.40492087813493,3674.4920993706564,1153.4207918644631,37.53245435974242,69.00462450311369,0.0,259.3592111555552,0.0
8,26,1928.1479280207045,1244.8551058172725,50.365346954433676,67.45861425093864,0.0,107.40492087813493,3606.6740683720504,1140.6790151324742,37.53245435974242,69.00462450311369,0.0,259.3592111555552,0.0
8,27,1992.51792544918,1224.6766998417013,50.365346954433676,67.45861425093864,0.0,107.40492087813493,3538.8560373734445,1127.9372384004855,37.53245435974242,69.00462450311369,0.0,259.3592111555552,0.0
8,28,2056.887922877656,1204.49829386613,50.365346954433676,67.45861425093864,0.0,107.40492087813493,3471.038006374839,1115.1954616684966,37.53245435974242,69.00462450311369,0.0,259.3592111555552,0.0
8,29,2121.2579203061314,1184.3198878905587,50.365346954433676,67.45861425093864,0.0,107.40492087813493,3403.219975376233,1102.453684936508,37.53245435974242,69.00462450311369,0.0,259.3592111555552,0.0
8,30,2185.6279177346073,1164.1414819149875,50.365346954433676,67.45861425093864,0.0,107.40492087813493,3335.401944377627,1089.711908204519,37.53245435974242,69.00462450311369,0.0,259.3592111555552,0.0
8,31,2249.9979151630832,1143.9630759394163,50.365346954433676,67.45861425093864,0.0,107.40492087813493,3267.583913379021,1076.9701314725303,37.53245435974242,69.00462450311369,0.0,259.3592111555552,0.0
8,32,2314.3679125915587,1123.784669963845,50.365346954433676,67.45861425093864,0.0,107.40492087813493,3199.765882380415,1064.2283547405414,37.53245435974242,69.00462450311369,0.0,259.3592111555552,0.0
8,33,2378.7379100200346,1103.606263988274,50.365346954433676,67.45861425093864,0.0,107.40492087813493,3131.9478513818094,1051.4865780085527,37.53245435974242,69.00462450311369,0.0,259.3592111555552,0.0
8,34,2443.10790744851,1083.4278580127025,50.365346954433676,67.45861425093864,0.0,107.40492087813493,3064.1298203832034,1038.7448012765637,37.53245435974242,69.00462450311369,0.0,259.3592111555552,0.0
8,35,2507.477904876986,1063.2494520371313,50.365346954433676,67.45861425093864,0.0,107.40492087813493,2996.3117893845974,1026.0030245445748,37.53245435974242,69.00462450311369,0.0,259.3592111555552,0.0
8,36,2571.8479023054615,1043.07104606156,50.365346954433676,67.45861425093864,0.0,107.40492087813493,2928.493758385992,1013.2612478125861,37.53245435974242,69.00462450311369,0.0,259.3592111555552,0.0
8,37,2636.2178997339374,1022.8926400859888,50.365346954433676,67.45861425093864,0.0,107.40492087813493,2860.675727387386,1000.5194710805973,37.53245435974242,69.00462450311369,0.0,259.3592111555552,0.0
8,38,2700.587897162413,1002.7142341104175,50.365346954433676,67.45861425093864,0.0,107.40492087813493,2792.85769638878,987.7776943486085,37.53245435974242,69.00462450311369,0.0,259.3592111555552,0.0
8,39,2764.957894590889,982.5358281348463,50.365346954433676,67.45861425093864,0.0,107.40492087813493,2725.039665390174,975.0359176166196,37.53245435974242,69.00462450311369,0.0,259.3592111555552,0.0
8,40,2829.3278920193648,962.3574221592751,50.365346954433676,67.45861425093864,0.0,107.40492087813493,2657.2216343915684,962.2941408846308,37.53245435974242,69.00462450311369,0.0,259.3592111555552,0.0
8,41,2893.69788944784,942.1790161837038,50.365346954433676,67.45861425093864,0.0,107.40492087813493,2589.4036033929624,949.552364152642,37.53245435974242,69.00462450311369,0.0,259.3592111555552,0.0
8,42,2958.067886876316,922.0006102081325,50.365346954433676,67.45861425093864,0.0,107.40492087813493,2521.5855723943564,936.8105874206532,37.53245435974242,69.00462450311369,0.0,259.3592111555552,0.0
8,43,3022.4378843047916,901.8222042325613,50.365346954433676,67.45861425093864,0.0,107.40492087813493,2453.7675413957504,924.0688106886644,37.53245435974242,69.00462450311369,0.0,259.3592111555552,0.0
8,44,3086.8078817332675,881.6437982569901,50.365346954433676,67.45861425093864,0.0,107.40492087813493,2385.949510397145,911.3270339566756,37.53245435974242,69.00462450311369,0.0,259.3592111555552,0.0
8,45,3151.177879161743,861.4653922814188,50.365346954433676,67.45861425093864,0.0,107.40492087813493,2318.131479398539,898.5852572246868,37.53245435974242,69.00462450311369,0.0,259.3592111555552,0.0
8,46,3215.547876590219,841.2869863058474,50.365346954433676,67.45861425093864,0.0,107.40492087813493,2250.313448399933,885.8434804926978,37.53245435974242,69.00462450311369,0.0,259.3592111555552,0.0
8,47,3279.9178740186944,821.1085803302763,50.365346954433676,67.45861425093864,0.0,107.40492087813493,2182.4954174013274,873.101703760709,37.53245435974242,69.00462450311369,0.0,259.3592111555552,0.0
8,48,3344.2878714471703,800.9301743547051,50.365346954433676,67.45861425093864,0.0,107.40492087813493,2114.6773864027214,860.3599270287202,37.53245435974242,69.00462450311369,0.0,259.3592111555552,0.0
8,49,3408.6578688756463,780.7517683791338,50.365346954433676,67.45861425093864,0.0,107.40492087813493,2046.8593554041154,847.6181502967314,37.53245435974242,69.00462450311369,0.0,259.3592111555552,0.0
9,0,-1740.181133291761,-7088.626285801249,41.65896919581451,62.79693760440782,0.0,6.149320975366841,-1501.6175861755473,-2296.4114177937345,64.23001010296477,61.360022647345694,0.0,179.4219664016322,0.0
9,1,-1733.454327138067,-7026.190675357668,41.65896919581451,62.79693760440782,0.0,6.149320975366841,-1500.998560597481,-2357.7683178671286,64.23001010296477,61.360022647345694,0.0,179.4219664016322,0.0
9,2,-1726.7275209843729,-6963.755064914088,41.65896919581451,62.79693760440782,0.0,6.149320975366841,-1500.3795350194146,-2419.125217940523,64.23001010296477,61.360022647345694,0.0,179.4219664016322,0.0
9,3,-1720.0007148306788,-6901.3194544705075,41.65896919581451,62.79693760440782,0.0,6.149320975366841,-1499.7605094413484,-2480.482118013917,64.23001010296477,61.360022647345694,0.0,179.4219664016322,0.0
9,4,-1713.2739086769848,-6838.883844026927,41.65896919581451,62.79693760440782,0.0,6.149320975366841,-1499.141483863282,-2541.839018087311,64.23001010296477,61.360022647345694,0.0,179.4219664016322,0.0
9,5,-1706.5471025232907,-6776.448233583347,41.65896919581451,62.79693760440782,0.0,6.149320975366841,-1498.5224582852156,-2603.195918160705,64.23001010296477,61.360022647345694,0.0,179.4219664016322,0.0
9,6,-1699.8202963695967,-6714.012623139766,41.65896919581451,62.79693760440782,0.0,6.149320975366841,-1497.9034327071492,-2664.5528182340995,64.23001010296477,61.360022647345694,0.0,179.4219664016322,0.0
9,7,-1693.0934902159024,-6651.577012696186,41.65896919581451,62.79693760440782,0.0,6.149320975366841,-1497.284407129083,-2725.9097183074937,64.23001010296477,61.360022647345694,0.0,179.4219664016322,0.0
9,8,-1686.3666840622084,-6589.141402252606,41.65896919581451,62.79693760440782,0.0,6.149320975366841,-1496.6653815510167,-2787.266618380888,64.23001010296477,61.360022647345694,0.0,179.4219664016322,0.0
9,9,-1679.6398779085143,-6526.705791809026,41.65896919581451,62.79693760440782,0.0,6.149320975366841,-1496.0463559729503,-2848.623518454282,64.23001010296477,61.360022647345694,0.0,179.4219664016322,0.0
9,10,-1672.9130717548203,-6464.270181365446,41.65896919581451,62.79693760440782,0.0,6.149320975366841,-1495.427330394884,-2909.980418527676,64.23001010296477,61.360022647345694,0.0,179.4219664016322,0.0
9,11,-1666.1862656011263,-6401.834570921865,41.65896919581451,62.79693760440782,0.0,6.149320975366841,-1494.8083048168176,-2971.3373186010704,64.23001010296477,61.360022647345694,0.0,179.4219664016322,0.0
9,12,-1659.4594594474322,-6339.398960478285,41.65896919581451,62.79693760440782,0.0,6.149320975366841,-1494.1892792387514,-3032.6942186744645,64.23001010296477,61.360022647345694,0.0,179.4219664016322,0.0
9,13,-1652.7326532937382,-6276.9633500347045,41.65896919581451,62.79693760440782,0.0,6.149320975366841,-1493.570253660685,-3094.0511187478587,64.23001010296477,61.360022647345694,0.0,179.4219664016322,0.0
9,14,-1646.005847140044,-6214.527739591124,41.65896919581451,62.79693760440782,0.0,6.149320975366841,-1492.9512280826186,-3155.408018821253,64.23001010296477,61.360022647345694,0.0,179.4219664016322,0.0
9,15,-1639.2790409863499,-6152.092129147544,41.65896919581451,62.79693760440782,0.0,6.149320975366841,-1492.3322025045522,-3216.764918894647,64.23001010296477,61.360022647345694,0.0,179.4219664016322,0.0
9,16,-1632.5522348326558,-6089.656518703963,41.65896919581451,62.79693760440782,0.0,6.149320975366841,-1491.713176926486,-3278.121818968041,64.23001010296477,61.360022647345694,0.0,179.4219664016322,0.0
9,17,-1625.8254286789618,-6027.220908260383,41.65896919581451,62.79693760440782,0.0,6.149320975366841,-1491.0941513484197,-3339.4787190414354,64.23001010296477,61.360022647345694,0.0,179.4219664016322,0.0
9,18,-1619.0986225252677,-5964.785297816803,41.65896919581451,62.79693760440782,0.0,6.149320975366841,-1490.4751257703533,-3400.8356191148296,64.23001010296477,61.360022647345694,0.0,179.4219664016322,0.0
9,19,-1612.3718163715737,-5902.349687373223,41.65896919581451,62.79693760440782,0.0,6.149320975366841,-1489.856100192287,-3462.1925191882237,64.23001010296477,61.360022647345694,0.0,179.4219664016322,0.0
9,20,-1605.6450102178796,-5839.914076929643,41.65896919581451,62.79693760440782,0.0,6.149320975366841,-1489.2370746142208,-3523.549419261618,64.23001010296477,61.360022647345694,0.0,179.4219664016322,0.0
9,21,-1598.9182040641854,-5777.478466486062,41.65896919581451,62.79693760440782,0.0,6.149320975366841,-1488.6180490361544,-3584.906319335012,64.23001010296477,61.360022647345694,0.0,179.4219664016322,0.0
9,22,-1592.1913979104913,-5715.042856042482,41.65896919581451,62.79693760440782,0.0,6.149320975366841,-1487.999023458088,-3646.263219408406,64.23001010296477,61.360022647345694,0.0,179.4219664016322,0.0
9,23,-1585.4645917567973,-5652.6072455989015,41.65896919581451,62.79693760440782,0.0,6.149320975366841,-1487.3799978800216,-3707.6201194818004,64.23001010296477,61.360022647345694,0.0,179.4219664016322,0.0
9,24,-1578.7377856031032,-5590.171635155321,41.65896919581451,62.79693760440782,0.0,6.149320975366841,-1486.7609723019552,-3768.9770195551946,64.23001010296477,61.360022647345694,0.0,179.4219664016322,0.0
9,25,-1572.0109794494092,-5527.736024711741,41.65896919581451,62.79693760440782,0.0,6.149320975366841,-1486.141946723889,-3830.3339196285883,64.23001010296477,61.360022647345694,0.0,179.4219664016322,0.0
9,26,-1565.2841732957152,-5465.300414268161,41.65896919581451,62.79693760440782,0.0,6.149320975366841,-1485.5229211458227,-3891.690819701983,64.23001010296477,61.360022647345694,0.0,179.4219664016322,0.0
9,27,-1558.5573671420211,-5402.86480382458,41.65896919581451,62.79693760440782,0.0,6.149320975366841,-1484.9038955677563,-3953.047719775377,64.23001010296477,61.360022647345694,0.0,179.4219664016322,0.0
9,28,-1551.830560988327,-5340.429193381,41.65896919581451,62.79693760440782,0.0,6.149320975366841,-1484.28486998969,-4014.4046198487713,64.23001010296477,61.360022647345694,0.0,179.4219664016322,0.0
9,29,-1545.1037548346328,-5277.99358293742,41.65896919581451,62.79693760440782,0.0,6.149320975366841,-1483.6658444116238,-4075.7615199221655,64.23001010296477,61.360022647345694,0.0,179.4219664016322,0.0
9,30,-1538.3769486809388,-5215.55797249384,41.65896919581451,62.79693760440782,0.0,6.149320975366841,-1483.0468188335574,-4137.11841999556,64.23001010296477,61.360022647345694,0.0,179.4219664016322,0.0
9,31,-1531.6501425272447,-5153.12236205026,41.65896919581451,62.79693760440782,0.0,6.149320975366841,-1482.427793255491,-4198.475320068954,64.23001010296477,61.360022647345694,0.0,179.4219664016322,0.0
9,32,-1524.9233363735507,-5090.686751606679,41.65896919581451,62.79693760440782,0.0,6.149320975366841,-1481.8087676774246,-4259.832220142348,64.23001010296477,61.360022647345694,0.0,179.4219664016322,0.0
9,33,-1518.1965302198566,-5028.2511411630985,41.65896919581451,62.79693760440782,0.0,6.149320975366841,-1481.1897420993582,-4321.189120215742,64.23001010296477,61.360022647345694,0.0,179.4219664016322,0.0
9,34,-1511.4697240661626,-4965.815530719518,41.65896919581451,62.79693760440782,0.0,6.149320975366841,-1480.570716521292,-4382.546020289136,64.23001010296477,61.360022647345694,0.0,179.4219664016322,0.0
9,35,-1504.7429179124686,-4903.379920275938,41.65896919581451,62.79693760440782,0.0,6.149320975366841,-1479.9516909432257,-4443.9029203625305,64.23001010296477,61.360022647345694,0.0,179.4219664016322,0.0
9,36,-1498.0161117587743,-4840.944309832358,41.65896919581451,62.79693760440782,0.0,6.149320975366841,-1479.3326653651593,-4505.259820435925,64.23001010296477,61.360022647345694,0.0,179.4219664016322,0.0
9,37,-1491.2893056050802,-4778.508699388777,41.65896919581451,62.79693760440782,0.0,6.149320975366841,-1478.713639787093,-4566.616720509319,64.23001010296477,61.360022647345694,0.0,179.4219664016322,0.0
9,38,-1484.5624994513862,-4716.073088945197,41.65896919581451,62.79693760440782,0.0,6.149320975366841,-1478.0946142090265,-4627.973620582713,64.23001010296477,61.360022647345694,0.0,179.4219664016322,0.0
9,39,-1477.8356932976922,-4653.637478501617,41.65896919581451,62.79693760440782,0.0,6.149320975366841,-1477.4755886309604,-4689.330520656107,64.23001010296477,61.360022647345694,0.0,179.4219664016322,0.0
9,40,-1471.1088871439981,-4591.201868058037,41.65896919581451,62.79693760440782,0.0,6.149320975366841,-1476.856563052894,-4750.687420729501,64.23001010296477,61.360022647345694,0.0,179.4219664016322,0.0
9,41,-1464.382080990304,-4528.766257614457,41.65896919581451,62.79693760440782,0.0,6.149320975366841,-1476.2375374748276,-4812.0443208028955,64.23001010296477,61.360022647345694,0.0,179.4219664016322,0.0
9,42,-1457.65527483661,-4466.330647170876,41.65896919581451,62.79693760440782,0.0,6.149320975366841,-1475.6185118967612,-4873.40122087629,64.23001010296477,61.360022647345694,0.0,179.4219664016322,0.0
9,43,-1450.9284686829158,-4403.8950367272955,41.65896919581451,62.79693760440782,0.0,6.149320975366841,-1474.999486318695,-4934.758120949684,64.23001010296477,61.360022647345694,0.0,179.4219664016322,0.0
9,44,-1444.2016625292217,-4341.459426283715,41.65896919581451,62.79693760440782,0.0,6.149320975366841,-1474.3804607406287,-4996.115021023077,64.23001010296477,61.360022647345694,0.0,179.4219664016322,0.0
9,45,-1437.4748563755277,-4279.023815840135,41.65896919581451,62.79693760440782,0.0,6.149320975366841,-1473.7614351625623,-5057.471921096472,64.23001010296477,61.360022647345694,0.0,179.4219664016322,0.0
9,46,-1430.7480502218336,-4216.588205396555,41.65896919581451,62.79693760440782,0.0,6.149320975366841,-1473.142409584496,-5118.828821169866,64.23001010296477,61.360022647345694,0.0,179.4219664016322,0.0
9,47,-1424.0212440681396,-4154.152594952974,41.65896919581451,62.79693760440782,0.0,6.149320975366841,-1472.5233840064298,-5180.185721243261,64.23001010296477,61.360022647345694,0.0,179.4219664016322,0.0
9,48,-1417.2944379144456,-4091.716984509394,41.65896919581451,62.79693760440782,0.0,6.149320975366841,-1471.9043584283634,-5241.542621316654,64.23001010296477,61.360022647345694,0.0,179.4219664016322,0.0
9,49,-1410.5676317607515,-4029.281374065814,41.65896919581451,62.79693760440782,0.0,6.149320975366841,-1471.285332850297,-5302.899521390049,64.23001010296477,61.360022647345694,0.0,179.4219664016322,0.0
10,0,4882.554876859036,-800.6206952337443,-416.4125112568293,66.28387095696945,0.0,302.18136221059535,2286.5547742424988,3056.3340524614205,-408.7591627054762,65.99197295524469,0.0,530.6562756277785,0.0
10,1,4826.45443156918,-765.3178400047404,-416.4125112568293,66.28387095696945,0.0,302.18136221059535,2297.2690249035827,2991.2176541634713,-408.7591627054762,65.99197295524469,0.0,530.6562756277785,0.0
10,2,4770.353986279324,-730.0149847757364,-416.4125112568293,66.28387095696945,0.0,302.18136221059535,2307.983275564666,2926.101255865521,-408.7591627054762,65.99197295524469,0.0,530.6562756277785,0.0
10,3,4714.253540989467,-694.7121295467323,-416.4125112568293,66.28387095696945,0.0,302.18136221059535,2318.69752622575,2860.984857567572,-408.7591627054762,65.99197295524469,0.0,530.6562756277785,0.0
10,4,4658.153095699611,-659.4092743177284,-416.4125112568293,66.28387095696945,0.0,302.18136221059535,2329.411776886834,2795.8684592696222,-408.7591627054762,65.99197295524469,0.0,530.6562756277785,0.0
10,5,4602.052650409754,-624.1064190887244,-416.4125112568293,66.28387095696945,0.0,302.18136221059535,2340.126027547917,2730.7520609716726,-408.7591627054762,65.99197295524469,0.0,530.6562756277785,0.0
10,6,4545.952205119898,-588.8035638597205,-416.4125112568293,66.28387095696945,0.0,302.18136221059535,2350.840278209001,2665.635662673723,-408.7591627054762,65.99197295524469,0.0,530.6562756277785,0.0
10,7,4489.851759830042,-553.5007086307164,-416.4125112568293,66.28387095696945,0.0,302.18136221059535,2361.554528870085,2600.5192643757737,-408.7591627054762,65.99197295524469,0.0,530.6562756277785,0.0
10,8,4433.751314540185,-518.1978534017123,-416.4125112568293,66.28387095696945,0.0,302.18136221059535,2372.268779531169,2535.402866077824,-408.7591627054762,65.99197295524469,0.0,530.6562756277785,0.0
10,9,4377.650869250329,-482.8949981727085,-416.4125112568293,66.28387095696945,0.0,302.18136221059535,2382.9830301922525,2470.2864677798743,-408.7591627054762,65.99197295524469,0.0,530.6562756277785,0.0
10,10,4321.5504239604725,-447.5921429437043,-416.4125112568293,66.28387095696945,0.0,302.18136221059535,2393.697280853336,2405.1700694819247,-408.7591627054762,65.99197295524469,0.0,530.6562756277785,0.0
10,11,4265.4499786706165,-412.2892877147003,-416.4125112568293,66.28387095696945,0.0,302.18136221059535,2404.41153151442,2340.053671183975,-408.7591627054762,65.99197295524469,0.0,530.6562756277785,0.0
10,12,4209.3495333807605,-376.98643248569635,-416.4125112568293,66.28387095696945,0.0,302.18136221059535,2415.1257821755034,2274.9372728860253,-408.7591627054762,65.99197295524469,0.0,530.6562756277785,0.0
10,13,4153.249088090904,-341.6835772566923,-416.4125112568293,66.28387095696945,0.0,302.18136221059535,2425.8400328365874,2209.8208745880756,-408.7591627054762,65.99197295524469,0.0,530.6562756277785,0.0
10,14,4097.148642801048,-306.3807220276883,-416.4125112568293,66.28387095696945,0.0,302.18136221059535,2436.5542834976713,2144.704476290126,-408.7591627054762,65.99197295524469,0.0,530.6562756277785,0.0
10,15,4041.0481975111916,-271.07786679868434,-416.4125112568293,66.28387095696945,0.0,302.18136221059535,2447.268534158755,2079.5880779921763,-408.7591627054762,65.99197295524469,0.0,530.6562756277785,0.0
10,16,3984.9477522213347,-235.77501156968026,-416.4125112568293,66.28387095696945,0.0,302.18136221059535,2457.982784819839,2014.4716796942269,-408.7591627054762,65.99197295524469,0.0,530.6562756277785,0.0
10,17,3928.8473069314787,-200.4721563406763,-416.4125112568293,66.28387095696945,0.0,302.18136221059535,2468.6970354809223,1949.3552813962774,-408.7591627054762,65.99197295524469,0.0,530.6562756277785,0.0
10,18,3872.746861641622,-165.1693011116722,-416.4125112568293,66.28387095696945,0.0,302.18136221059535,2479.4112861420062,1884.2388830983277,-408.7591627054762,65.99197295524469,0.0,530.6562756277785,0.0
10,19,3816.6464163517658,-129.86644588266824,-416.4125112568293,66.28387095696945,0.0,302.18136221059535,2490.1255368030897,1819.1224848003783,-408.7591627054762,65.99197295524469,0.0,530.6562756277785,0.0
10,20,3760.5459710619098,-94.56359065366428,-416.4125112568293,66.28387095696945,0.0,302.18136221059535,2500.8397874641737,1754.0060865024286,-408.7591627054762,65.99197295524469,0.0,530.6562756277785,0.0
10,21,3704.4455257720533,-59.2607354246602,-416.4125112568293,66.28387095696945,0.0,302.18136221059535,2511.554038125257,1688.889688204479,-408.7591627054762,65.99197295524469,0.0,530.6562756277785,0.0
10,22,3648.345080482197,-23.95788019565623,-416.4125112568293,66.28387095696945,0.0,302.18136221059535,2522.268288786341,1623.7732899065295,-408.7591627054762,65.99197295524469,0.0,530.6562756277785,0.0
10,23,3592.244635192341,11.344975033347737,-416.4125112568293,66.28387095696945,0.0,302.18136221059535,2532.9825394474246,1558.6568916085798,-408.7591627054762,65.99197295524469,0.0,530.6562756277785,0.0
10,24,3536.1441899024844,46.647830262351704,-416.4125112568293,66.28387095696945,0.0,302.18136221059535,2543.6967901085086,1493.5404933106302,-408.7591627054762,65.99197295524469,0.0,530.6562756277785,0.0
10,25,3480.043744612628,81.95068549135578,-416.4125112568293,66.28387095696945,0.0,302.18136221059535,2554.411040769592,1428.4240950126805,-408.7591627054762,65.99197295524469,0.0,530.6562756277785,0.0
10,26,3423.9432993227715,117.25354072035981,-416.4125112568293,66.28387095696945,0.0,302.18136221059535,2565.125291430676,1363.307696714731,-408.7591627054762,65.99197295524469,0.0,530.6562756277785,0.0
10,27,3367.8428540329155,152.55639594936378,-416.4125112568293,66.28387095696945,0.0,302.18136221059535,2575.8395420917595,1298.1912984167814,-408.7591627054762,65.99197295524469,0.0,530.6562756277785,0.0
10,28,3311.742408743059,187.8592511783678,-416.4125112568293,66.28387095696945,0.0,302.18136221059535,2586.5537927528435,1233.0749001188317,-408.7591627054762,65.99197295524469,0.0,530.6562756277785,0.0
10,29,3255.6419634532026,223.16210640737182,-416.4125112568293,66.28387095696945,0.0,302.18136221059535,2597.268043413927,1167.9585018208822,-408.7591627054762,65.99197295524469,0.0,530.6562756277785,0.0
10,30,3199.541518163346,258.46496163637585,-416.4125112568293,66.28387095696945,0.0,302.18136221059535,2607.982294075011,1102.8421035229326,-408.7591627054762,65.99197295524469,0.0,530.6562756277785,0.0
10,31,3143.44107287349,293.7678168653798,-416.4125112568293,66.28387095696945,0.0,302.18136221059535,2618.6965447360944,1037.725705224983,-408.7591627054762,65.99197295524469,0.0,530.6562756277785,0.0
10,32,3087.3406275836337,329.07067209438384,-416.4125112568293,66.28387095696945,0.0,302.18136221059535,2629.4107953971784,972.6093069270333,-408.7591627054762,65.99197295524469,0.0,530.6562756277785,0.0
10,33,3031.2401822937773,364.37352732338786,-416.4125112568293,66.28387095696945,0.0,302.18136221059535,2640.125046058262,907.4929086290838,-408.7591627054762,65.99197295524469,0.0,530.6562756277785,0.0
10,34,2975.1397370039213,399.67638255239183,-416.4125112568293,66.28387095696945,0.0,302.18136221059535,2650.839296719346,842.3765103311341,-408.7591627054762,65.99197295524469,0.0,530.6562756277785,0.0
10,35,2919.039291714065,434.97923778139585,-416.4125112568293,66.28387095696945,0.0,302.18136221059535,2661.5535473804293,777.2601120331846,-408.7591627054762,65.99197295524469,0.0,530.6562756277785,0.0
10,36,2862.9388464242084,470.2820930103999,-416.4125112568293,66.28387095696945,0.0,302.18136221059535,2672.2677980415133,712.143713735235,-408.7591627054762,65.99197295524469,0.0,530.6562756277785,0.0
10,37,2806.838401134352,505.58494823940384,-416.4125112568293,66.28387095696945,0.0,302.18136221059535,2682.9820487025972,647.0273154372853,-408.7591627054762,65.99197295524469,0.0,530.6562756277785,0.0
10,38,2750.737955844496,540.8878034684079,-416.4125112568293,66.28387095696945,0.0,302.18136221059535,2693.6962993636807,581.9109171393358,-408.7591627054762,65.99197295524469,0.0,530.6562756277785,0.0
10,39,2694.6375105546394,576.1906586974119,-416.4125112568293,66.28387095696945,0.0,302.18136221059535,2704.4105500247647,516.7945188413862,-408.7591627054762,65.99197295524469,0.0,530.6562756277785,0.0
10,40,2638.537065264783,611.4935139264159,-416.4125112568293,66.28387095696945,0.0,302.18136221059535,2715.124800685848,451.67812054343653,-408.7591627054762,65.99197295524469,0.0,530.6562756277785,0.0
10,41,2582.436619974927,646.7963691554199,-416.4125112568293,66.28387095696945,0.0,302.18136221059535,2725.839051346932,386.561722245487,-408.7591627054762,65.99197295524469,0.0,530.6562756277785,0.0
10,42,2526.3361746850705,682.0992243844239,-416.4125112568293,66.28387095696945,0.0,302.18136221059535,2736.5533020080156,321.4453239475374,-408.7591627054762,65.99197295524469,0.0,530.6562756277785,0.0
10,43,2470.235729395214,717.402079613428,-416.4125112568293,66.28387095696945,0.0,302.18136221059535,2747.2675526690996,256.32892564958775,-408.7591627054762,65.99197295524469,0.0,530.6562756277785,0.0
10,44,2414.1352841053576,752.704934842432,-416.4125112568293,66.28387095696945,0.0,302.18136221059535,2757.981803330183,191.21252735163813,-408.7591627054762,65.99197295524469,0.0,530.6562756277785,0.0
10,45,2358.0348388155016,788.0077900714359,-416.4125112568293,66.28387095696945,0.0,302.18136221059535,2768.696053991267,126.09612905368857,-408.7591627054762,65.99197295524469,0.0,530.6562756277785,0.0
10,46,2301.934393525645,823.31064530044,-416.4125112568293,66.28387095696945,0.0,302.18136221059535,2779.4103046523505,60.979730755738956,-408.7591627054762,65.99197295524469,0.0,530.6562756277785,0.0
10,47,2245.8339482357887,858.613500529444,-416.4125112568293,66.28387095696945,0.0,302.18136221059535,2790.1245553134345,-4.136667542210603,-408.7591627054762,65.99197295524469,0.0,530.6562756277785,0.0
10,48,2189.7335029459327,893.9163557584479,-416.4125112568293,66.28387095696945,0.0,302.18136221059535,2800.838805974518,-69.25306584016016,-408.7591627054762,65.99197295524469,0.0,530.6562756277785,0.0
10,49,2133.6330576560763,929.219210987452,-416.4125112568293,66.28387095696945,0.0,302.18136221059535,2811.553056635602,-134.36946413810983,-408.7591627054762,65.99197295524469,0.0,530.6562756277785,0.0
11,0,-3767.5739024608265,594.8027102025458,-108.92676272874223,60.0761960131564,0.0,199.16617291166958,-2614.4470718740704,-3326.2451830265136,-95.47358867647974,66.23714592068136,0.0,311.62012802049225,0.0
11,1,-3787.297460415309,538.0565157131591,-108.92676272874223,60.0761960131564,0.0,199.16617291166958,-2663.963631075784,-3282.251207705559,-95.47358867647974,66.23714592068136,0.0,311.62012802049225,0.0
11,2,-3807.0210183697914,481.310321223772,-108.92676272874223,60.0761960131564,0.0,199.16617291166958,-2713.480190277499,-3238.2572323846043,-95.47358867647974,66.23714592068136,0.0,311.62012802049225,0.0
11,3,-3826.744576324274,424.5641267343849,-108.92676272874223,60.0761960131564,0.0,199.16617291166958,-2762.996749479213,-3194.2632570636497,-95.47358867647974,66.23714592068136,0.0,311.62012802049225,0.0
11,4,-3846.4681342787567,367.81793224499734,-108.92676272874223,60.0761960131564,0.0,199.16617291166958,-2812.5133086809274,-3150.269281742695,-95.47358867647974,66.23714592068136,0.0,311.62012802049225,0.0
11,5,-3866.1916922332393,311.07173775561023,-108.92676272874223,60.0761960131564,0.0,199.16617291166958,-2862.029867882642,-3106.2753064217404,-95.47358867647974,66.23714592068136,0.0,311.62012802049225,0.0
11,6,-3885.915250187722,254.32554326622312,-108.92676272874223,60.0761960131564,0.0,199.16617291166958,-2911.546427084356,-3062.2813311007862,-95.47358867647974,66.23714592068136,0.0,311.62012802049225,0.0
11,7,-3905.6388081422047,197.579348776836,-108.92676272874223,60.0761960131564,0.0,199.16617291166958,-2961.0629862860706,-3018.287355779832,-95.47358867647974,66.23714592068136,0.0,311.62012802049225,0.0
11,8,-3925.362366096687,140.83315428744868,-108.92676272874223,60.0761960131564,0.0,199.16617291166958,-3010.5795454877843,-2974.2933804588774,-95.47358867647974,66.23714592068136,0.0,311.62012802049225,0.0
11,9,-3945.0859240511695,84.08695979806157,-108.92676272874223,60.0761960131564,0.0,199.16617291166958,-3060.096104689499,-2930.299405137923,-95.47358867647974,66.23714592068136,0.0,311.62012802049225,0.0
11,10,-3964.809482005652,27.340765308674236,-108.92676272874223,60.0761960131564,0.0,199.16617291166958,-3109.6126638912133,-2886.305429816968,-95.47358867647974,66.23714592068136,0.0,311.62012802049225,0.0
11,11,-3984.533039960135,-29.405429180712872,-108.92676272874223,60.0761960131564,0.0,199.16617291166958,-3159.1292230929275,-2842.3114544960135,-95.47358867647974,66.23714592068136,0.0,311.62012802049225,0.0
11,12,-4004.2565979146175,-86.15162367009998,-108.92676272874223,60.0761960131564,0.0,199.16617291166958,-3208.645782294642,-2798.317479175059,-95.47358867647974,66.23714592068136,0.0,311.62012802049225,0.0
11,13,-4023.9801558690997,-142.8978181594871,-108.92676272874223,60.0761960131564,0.0,199.16617291166958,-3258.162341496356,-2754.3235038541043,-95.47358867647974,66.23714592068136,0.0,311.62012802049225,0.0
11,14,-4043.7037138235823,-199.64401264887442,-108.92676272874223,60.0761960131564,0.0,199.16617291166958,-3307.6789006980707,-2710.32952853315,-95.47358867647974,66.23714592068136,0.0,311.62012802049225,0.0
11,15,-4063.427271778065,-256.39020713826153,-108.92676272874223,60.0761960131564,0.0,199.16617291166958,-3357.1954598997845,-2666.3355532121955,-95.47358867647974,66.23714592068136,0.0,311.62012802049225,0.0
11,16,-4083.1508297325477,-313.13640162764864,-108.92676272874223,60.0761960131564,0.0,199.16617291166958,-3406.712019101499,-2622.3415778912413,-95.47358867647974,66.23714592068136,0.0,311.62012802049225,0.0
11,17,-4102.87438768703,-369.88259611703575,-108.92676272874223,60.0761960131564,0.0,199.16617291166958,-3456.2285783032135,-2578.3476025702867,-95.47358867647974,66.23714592068136,0.0,311.62012802049225,0.0
11,18,-4122.5979456415125,-426.6287906064231,-108.92676272874223,60.0761960131564,0.0,199.16617291166958,-3505.7451375049277,-2534.353627249332,-95.47358867647974,66.23714592068136,0.0,311.62012802049225,0.0
11,19,-4142.321503595996,-483.3749850958102,-108.92676272874223,60.0761960131564,0.0,199.16617291166958,-3555.261696706642,-2490.3596519283774,-95.47358867647974,66.23714592068136,0.0,311.62012802049225,0.0
11,20,-4162.045061550478,-540.1211795851973,-108.92676272874223,60.0761960131564,0.0,199.16617291166958,-3604.778255908356,-2446.3656766074228,-95.47358867647974,66.23714592068136,0.0,311.62012802049225,0.0
11,21,-4181.768619504961,-596.8673740745844,-108.92676272874223,60.0761960131564,0.0,199.16617291166958,-3654.294815110071,-2402.3717012864686,-95.47358867647974,66.23714592068136,0.0,311.62012802049225,0.0
11,22,-4201.492177459443,-653.6135685639717,-108.92676272874223,60.0761960131564,0.0,199.16617291166958,-3703.811374311785,-2358.377725965514,-95.47358867647974,66.23714592068136,0.0,311.62012802049225,0.0
11,23,-4221.215735413925,-710.3597630533588,-108.92676272874223,60.0761960131564,0.0,199.16617291166958,-3753.3279335134994,-2314.3837506445593,-95.47358867647974,66.23714592068136,0.0,311.62012802049225,0.0
11,24,-4240.9392933684085,-767.1059575427461,-108.92676272874223,60.0761960131564,0.0,199.16617291166958,-3802.8444927152136,-2270.389775323605,-95.47358867647974,66.23714592068136,0.0,311.62012802049225,0.0
11,25,-4260.662851322891,-823.8521520321333,-108.92676272874223,60.0761960131564,0.0,199.16617291166958,-3852.361051916928,-2226.3958000026505,-95.47358867647974,66.23714592068136,0.0,311.62012802049225,0.0
11,26,-4280.386409277374,-880.5983465215204,-108.92676272874223,60.0761960131564,0.0,199.16617291166958,-3901.8776111186426,-2182.401824681696,-95.47358867647974,66.23714592068136,0.0,311.62012802049225,0.0
11,27,-4300.109967231856,-937.3445410109076,-108.92676272874223,60.0761960131564,0.0,199.16617291166958,-3951.3941703203564,-2138.4078493607412,-95.47358867647974,66.23714592068136,0.0,311.62012802049225,0.0
11,28,-4319.833525186338,-994.0907355002947,-108.92676272874223,60.0761960131564,0.0,199.16617291166958,-4000.910729522071,-2094.4138740397866,-95.47358867647974,66.23714592068136,0.0,311.62012802049225,0.0
11,29,-4339.557083140821,-1050.836929989682,-108.92676272874223,60.0761960131564,0.0,199.16617291166958,-4050.4272887237853,-2050.419898718832,-95.47358867647974,66.23714592068136,0.0,311.62012802049225,0.0
11,30,-4359.2806410953035,-1107.583124479069,-108.92676272874223,60.0761960131564,0.0,199.16617291166958,-4099.9438479254995,-2006.4259233978776,-95.47358867647974,66.23714592068136,0.0,311.62012802049225,0.0
11,31,-4379.004199049787,-1164.3293189684564,-108.92676272874223,60.0761960131564,0.0,199.16617291166958,-4149.460407127213,-1962.4319480769232,-95.47358867647974,66.23714592068136,0.0,311.62012802049225,0.0
11,32,-4398.727757004269,-1221.0755134578435,-108.92676272874223,60.0761960131564,0.0,199.16617291166958,-4198.976966328928,-1918.4379727559685,-95.47358867647974,66.23714592068136,0.0,311.62012802049225,0.0
11,33,-4418.451314958752,-1277.8217079472306,-108.92676272874223,60.0761960131564,0.0,199.16617291166958,-4248.493525530643,-1874.4439974350141,-95.47358867647974,66.23714592068136,0.0,311.62012802049225,0.0
11,34,-4438.174872913234,-1334.5679024366177,-108.92676272874223,60.0761960131564,0.0,199.16617291166958,-4298.0100847323565,-1830.4500221140595,-95.47358867647974,66.23714592068136,0.0,311.62012802049225,0.0
11,35,-4457.898430867716,-1391.314096926005,-108.92676272874223,60.0761960131564,0.0,199.16617291166958,-4347.526643934071,-1786.456046793105,-95.47358867647974,66.23714592068136,0.0,311.62012802049225,0.0
11,36,-4477.6219888221995,-1448.0602914153922,-108.92676272874223,60.0761960131564,0.0,199.16617291166958,-4397.043203135785,-1742.4620714721505,-95.47358867647974,66.23714592068136,0.0,311.62012802049225,0.0
11,37,-4497.345546776682,-1504.8064859047793,-108.92676272874223,60.0761960131564,0.0,199.16617291166958,-4446.5597623375,-1698.468096151196,-95.47358867647974,66.23714592068136,0.0,311.62012802049225,0.0
11,38,-4517.069104731165,-1561.5526803941666,-108.92676272874223,60.0761960131564,0.0,199.16617291166958,-4496.076321539214,-1654.4741208302414,-95.47358867647974,66.23714592068136,0.0,311.62012802049225,0.0
11,39,-4536.792662685647,-1618.2988748835537,-108.92676272874223,60.0761960131564,0.0,199.16617291166958,-4545.592880740928,-1610.480145509287,-95.47358867647974,66.23714592068136,0.0,311.62012802049225,0.0
11,40,-4556.516220640129,-1675.0450693729408,-108.92676272874223,60.0761960131564,0.0,199.16617291166958,-4595.109439942643,-1566.4861701883324,-95.47358867647974,66.23714592068136,0.0,311.62012802049225,0.0
11,41,-4576.239778594612,-1731.7912638623282,-108.92676272874223,60.0761960131564,0.0,199.16617291166958,-4644.625999144357,-1522.492194867378,-95.47358867647974,66.23714592068136,0.0,311.62012802049225,0.0
11,42,-4595.9633365490945,-1788.5374583517153,-108.92676272874223,60.0761960131564,0.0,199.16617291166958,-4694.142558346071,-1478.4982195464233,-95.47358867647974,66.23714592068136,0.0,311.62012802049225,0.0
11,43,-4615.686894503578,-1845.2836528411024,-108.92676272874223,60.0761960131564,0.0,199.16617291166958,-4743.659117547785,-1434.504244225469,-95.47358867647974,66.23714592068136,0.0,311.62012802049225,0.0
11,44,-4635.41045245806,-1902.0298473304897,-108.92676272874223,60.0761960131564,0.0,199.16617291166958,-4793.1756767495,-1390.5102689045143,-95.47358867647974,66.23714592068136,0.0,311.62012802049225,0.0
11,45,-4655.134010412542,-1958.7760418198768,-108.92676272874223,60.0761960131564,0.0,199.16617291166958,-4842.692235951214,-1346.5162935835597,-95.47358867647974,66.23714592068136,0.0,311.62012802049225,0.0
11,46,-4674.857568367025,-2015.522236309264,-108.92676272874223,60.0761960131564,0.0,199.16617291166958,-4892.208795152928,-1302.5223182626053,-95.47358867647974,66.23714592068136,0.0,311.62012802049225,0.0
11,47,-4694.581126321507,-2072.268430798651,-108.92676272874223,60.0761960131564,0.0,199.16617291166958,-4941.725354354643,-1258.5283429416506,-95.47358867647974,66.23714592068136,0.0,311.62012802049225,0.0
11,48,-4714.30468427599,-2129.0146252880386,-108.92676272874223,60.0761960131564,0.0,199.16617291166958,-4991.241913556357,-1214.5343676206962,-95.47358867647974,66.23714592068136,0.0,311.62012802049225,0.0
11,49,-4734.028242230473,-2185.7608197774252,-108.92676272874223,60.0761960131564,0.0,199.16617291166958,-5040.758472758072,-1170.5403922997416,-95.47358867647974,66.23714592068136,0.0,311.62012802049225,0.0
12,0,-6153.2547562167565,4172.506420492267,-283.94386892722446,68.86406448086541,0.0,122.48440728441453,-2920.0305087838397,647.1359727342037,-257.0533041804143,61.23773548829685,0.0,335.080594566641,0.0
12,1,-6095.165325951413,4135.521592950794,-283.94386892722446,68.86406448086541,0.0,122.48440728441453,-2945.8325996477533,702.6725584663582,-257.0533041804143,61.23773548829685,0.0,335.080594566641,0.0
12,2,-6037.075895686069,4098.536765409321,-283.94386892722446,68.86406448086541,0.0,122.48440728441453,-2971.634690511667,758.2091441985126,-257.0533041804143,61.23773548829685,0.0,335.080594566641,0.0
12,3,-5978.986465420725,4061.5519378678478,-283.94386892722446,68.86406448086541,0.0,122.48440728441453,-2997.4367813755807,813.745729930667,-257.0533041804143,61.23773548829685,0.0,335.080594566641,0.0
12,4,-5920.897035155381,4024.5671103263744,-283.94386892722446,68.86406448086541,0.0,122.48440728441453,-3023.238872239495,869.2823156628217,-257.0533041804143,61.23773548829685,0.0,335.080594566641,0.0
12,5,-5862.807604890037,3987.5822827849015,-283.94386892722446,68.86406448086541,0.0,122.48440728441453,-3049.0409631034086,924.8189013949761,-257.0533041804143,61.23773548829685,0.0,335.080594566641,0.0
12,6,-5804.718174624692,3950.597455243428,-283.94386892722446,68.86406448086541,0.0,122.48440728441453,-3074.8430539673227,980.3554871271306,-257.0533041804143,61.23773548829685,0.0,335.080594566641,0.0
12,7,-5746.628744359348,3913.612627701955,-283.94386892722446,68.86406448086541,0.0,122.48440728441453,-3100.6451448312364,1035.892072859285,-257.0533041804143,61.23773548829685,0.0,335.080594566641,0.0
12,8,-5688.539314094004,3876.627800160482,-283.94386892722446,68.86406448086541,0.0,122.48440728441453,-3126.44723569515,1091.4286585914394,-257.0533041804143,61.23773548829685,0.0,335.080594566641,0.0
12,9,-5630.44988382866,3839.642972619009,-283.94386892722446,68.86406448086541,0.0,122.48440728441453,-3152.249326559064,1146.965244323594,-257.0533041804143,61.23773548829685,0.0,335.080594566641,0.0
12,10,-5572.360453563316,3802.6581450775357,-283.94386892722446,68.86406448086541,0.0,122.48440728441453,-3178.051417422978,1202.5018300557485,-257.0533041804143,61.23773548829685,0.0,335.080594566641,0.0
12,11,-5514.271023297972,3765.6733175360623,-283.94386892722446,68.86406448086541,0.0,122.48440728441453,-3203.8535082868916,1258.038415787903,-257.0533041804143,61.23773548829685,0.0,335.080594566641,0.0
12,12,-5456.1815930326275,3728.6884899945894,-283.94386892722446,68.86406448086541,0.0,122.48440728441453,-3229.6555991508053,1313.5750015200574,-257.0533041804143,61.23773548829685,0.0,335.080594566641,0.0
12,13,-5398.092162767283,3691.703662453116,-283.94386892722446,68.86406448086541,0.0,122.48440728441453,-3255.4576900147194,1369.111587252212,-257.0533041804143,61.23773548829685,0.0,335.080594566641,0.0
12,14,-5340.002732501939,3654.718834911643,-283.94386892722446,68.86406448086541,0.0,122.48440728441453,-3281.259780878633,1424.6481729843665,-257.0533041804143,61.23773548829685,0.0,335.080594566641,0.0
12,15,-5281.913302236595,3617.73400737017,-283.94386892722446,68.86406448086541,0.0,122.48440728441453,-3307.061871742547,1480.184758716521,-257.0533041804143,61.23773548829685,0.0,335.080594566641,0.0
12,16,-5223.823871971252,3580.7491798286965,-283.94386892722446,68.86406448086541,0.0,122.48440728441453,-3332.8639626064605,1535.7213444486754,-257.0533041804143,61.23773548829685,0.0,335.080594566641,0.0
12,17,-5165.734441705907,3543.7643522872236,-283.94386892722446,68.86406448086541,0.0,122.48440728441453,-3358.6660534703747,1591.2579301808298,-257.0533041804143,61.23773548829685,0.0,335.080594566641,0.0
12,18,-5107.645011440563,3506.77952474575,-283.94386892722446,68.86406448086541,0.0,122.48440728441453,-3384.4681443342884,1646.7945159129845,-257.0533041804143,61.23773548829685,0.0,335.080594566641,0.0
12,19,-5049.555581175218,3469.7946972042773,-283.94386892722446,68.86406448086541,0.0,122.48440728441453,-3410.270235198202,1702.331101645139,-257.0533041804143,61.23773548829685,0.0,335.080594566641,0.0
12,20,-4991.466150909875,3432.809869662804,-283.94386892722446,68.86406448086541,0.0,122.48440728441453,-3436.072326062116,1757.8676873772934,-257.0533041804143,61.23773548829685,0.0,335.080594566641,0.0
12,21,-4933.376720644531,3395.8250421213306,-283.94386892722446,68.86406448086541,0.0,122.48440728441453,-3461.87441692603,1813.404273109448,-257.0533041804143,61.23773548829685,0.0,335.080594566641,0.0
12,22,-4875.287290379187,3358.8402145798577,-283.94386892722446,68.86406448086541,0.0,122.48440728441453,-3487.6765077899436,1868.9408588416024,-257.0533041804143,61.23773548829685,0.0,335.080594566641,0.0
12,23,-4817.197860113843,3321.8553870383844,-283.94386892722446,68.86406448086541,0.0,122.48440728441453,-3513.4785986538573,1924.477444573757,-257.0533041804143,61.23773548829685,0.0,335.080594566641,0.0
12,24,-4759.108429848498,3284.8705594969115,-283.94386892722446,68.86406448086541,0.0,122.48440728441453,-3539.2806895177714,1980.0140303059115,-257.0533041804143,61.23773548829685,0.0,335.080594566641,0.0
12,25,-4701.018999583154,3247.885731955438,-283.94386892722446,68.86406448086541,0.0,122.48440728441453,-3565.082780381685,2035.550616038066,-257.0533041804143,61.23773548829685,0.0,335.080594566641,0.0
12,26,-4642.92956931781,3210.9009044139652,-283.94386892722446,68.86406448086541,0.0,122.48440728441453,-3590.884871245599,2091.0872017702204,-257.0533041804143,61.23773548829685,0.0,335.080594566641,0.0
12,27,-4584.840139052466,3173.916076872492,-283.94386892722446,68.86406448086541,0.0,122.48440728441453,-3616.686962109513,2146.623787502375,-257.0533041804143,61.23773548829685,0.0,335.080594566641,0.0
12,28,-4526.750708787122,3136.9312493310185,-283.94386892722446,68.86406448086541,0.0,122.48440728441453,-3642.4890529734266,2202.1603732345293,-257.0533041804143,61.23773548829685,0.0,335.080594566641,0.0
12,29,-4468.661278521778,3099.9464217895456,-283.94386892722446,68.86406448086541,0.0,122.48440728441453,-3668.2911438373403,2257.696958966684,-257.0533041804143,61.23773548829685,0.0,335.080594566641,0.0
12,30,-4410.571848256433,3062.9615942480723,-283.94386892722446,68.86406448086541,0.0,122.48440728441453,-3694.093234701254,2313.2335446988386,-257.0533041804143,61.23773548829685,0.0,335.080594566641,0.0
12,31,-4352.482417991089,3025.9767667065994,-283.94386892722446,68.86406448086541,0.0,122.48440728441453,-3719.895325565168,2368.770130430993,-257.0533041804143,61.23773548829685,0.0,335.080594566641,0.0
12,32,-4294.392987725745,2988.991939165126,-283.94386892722446,68.86406448086541,0.0,122.48440728441453,-3745.697416429082,2424.3067161631475,-257.0533041804143,61.23773548829685,0.0,335.080594566641,0.0
12,33,-4236.303557460401,2952.007111623653,-283.94386892722446,68.86406448086541,0.0,122.48440728441453,-3771.4995072929955,2479.843301895302,-257.0533041804143,61.23773548829685,0.0,335.080594566641,0.0
12,34,-4178.214127195057,2915.02228408218,-283.94386892722446,68.86406448086541,0.0,122.48440728441453,-3797.3015981569097,2535.3798876274564,-257.0533041804143,61.23773548829685,0.0,335.080594566641,0.0
12,35,-4120.124696929713,2878.0374565407064,-283.94386892722446,68.86406448086541,0.0,122.48440728441453,-3823.1036890208234,2590.916473359611,-257.0533041804143,61.23773548829685,0.0,335.080594566641,0.0
12,36,-4062.035266664369,2841.0526289992335,-283.94386892722446,68.86406448086541,0.0,122.48440728441453,-3848.905779884737,2646.453059091765,-257.0533041804143,61.23773548829685,0.0,335.080594566641,0.0
12,37,-4003.9458363990248,2804.06780145776,-283.94386892722446,68.86406448086541,0.0,122.48440728441453,-3874.7078707486507,2701.98964482392,-257.0533041804143,61.23773548829685,0.0,335.080594566641,0.0
12,38,-3945.8564061336806,2767.0829739162873,-283.94386892722446,68.86406448086541,0.0,122.48440728441453,-3900.509961612565,2757.5262305560746,-257.0533041804143,61.23773548829685,0.0,335.080594566641,0.0
12,39,-3887.7669758683364,2730.098146374814,-283.94386892722446,68.86406448086541,0.0,122.48440728441453,-3926.3120524764786,2813.062816288229,-257.0533041804143,61.23773548829685,0.0,335.080594566641,0.0
12,40,-3829.6775456029923,2693.1133188333406,-283.94386892722446,68.86406448086541,0.0,122.48440728441453,-3952.1141433403923,2868.5994020203834,-257.0533041804143,61.23773548829685,0.0,335.080594566641,0.0
12,41,-3771.588115337648,2656.1284912918677,-283.94386892722446,68.86406448086541,0.0,122.48440728441453,-3977.9162342043064,2924.135987752538,-257.0533041804143,61.23773548829685,0.0,335.080594566641,0.0
12,42,-3713.498685072304,2619.1436637503944,-283.94386892722446,68.86406448086541,0.0,122.48440728441453,-4003.71832506822,2979.6725734846923,-257.0533041804143,61.23773548829685,0.0,335.080594566641,0.0
12,43,-3655.40925480696,2582.1588362089215,-283.94386892722446,68.86406448086541,0.0,122.48440728441453,-4029.520415932134,3035.2091592168467,-257.0533041804143,61.23773548829685,0.0,335.080594566641,0.0
12,44,-3597.319824541616,2545.174008667448,-283.94386892722446,68.86406448086541,0.0,122.48440728441453,-4055.3225067960475,3090.745744949001,-257.0533041804143,61.23773548829685,0.0,335.080594566641,0.0
12,45,-3539.230394276272,2508.1891811259748,-283.94386892722446,68.86406448086541,0.0,122.48440728441453,-4081.1245976599616,3146.282330681156,-257.0533041804143,61.23773548829685,0.0,335.080594566641,0.0
12,46,-3481.1409640109277,2471.204353584502,-283.94386892722446,68.86406448086541,0.0,122.48440728441453,-4106.926688523875,3201.8189164133105,-257.0533041804143,61.23773548829685,0.0,335.080594566641,0.0
12,47,-3423.0515337455836,2434.2195260430285,-283.94386892722446,68.86406448086541,0.0,122.48440728441453,-4132.7287793877895,3257.355502145465,-257.0533041804143,61.23773548829685,0.0,335.080594566641,0.0
12,48,-3364.9621034802394,2397.2346985015556,-283.94386892722446,68.86406448086541,0.0,122.48440728441453,-4158.530870251703,3312.8920878776194,-257.0533041804143,61.23773548829685,0.0,335.080594566641,0.0
12,49,-3306.8726732148953,2360.2498709600823,-283.94386892722446,68.86406448086541,0.0,122.48440728441453,-4184.332961115617,3368.428673609774,-257.0533041804143,61.23773548829685,0.0,335.080594566641,0.0
13,0,5979.183749122287,-710.4839458837303,-334.63553320008566,68.12561186883639,0.0,219.81070926841545,4346.009487336073,-5389.376871382572,-338.57064248144417,69.23550093849771,0.0,358.52525210121917,0.0
13,1,5935.566102009876,-762.8155792700541,-334.63553320008566,68.12561186883639,0.0,219.81070926841545,4344.22761724769,-5320.164303671261,-338.57064248144417,69.23550093849771,0.0,358.52525210121917,0.0
13,2,5891.948454897466,-815.1472126563772,-334.63553320008566,68.12561186883639,0.0,219.81070926841545,4342.445747159308,-5250.95173595995,-338.57064248144417,69.23550093849771,0.0,358.52525210121917,0.0
13,3,5848.330807785055,-867.478846042701,-334.63553320008566,68.12561186883639,0.0,219.81070926841545,4340.663877070926,-5181.739168248639,-338.57064248144417,69.23550093849771,0.0,358.52525210121917,0.0
13,4,5804.713160672645,-919.8104794290243,-334.63553320008566,68.12561186883639,0.0,219.81070926841545,4338.882006982542,-5112.526600537327,-338.57064248144417,69.23550093849771,0.0,358.52525210121917,0.0
13,5,5761.095513560234,-972.1421128153479,-334.63553320008566,68.12561186883639,0.0,219.81070926841545,4337.100136894161,-5043.314032826016,-338.57064248144417,69.23550093849771,0.0,358.52525210121917,0.0
13,6,5717.4778664478235,-1024.4737462016712,-334.63553320008566,68.12561186883639,0.0,219.81070926841545,4335.318266805778,-4974.101465114705,-338.57064248144417,69.23550093849771,0.0,358.52525210121917,0.0
13,7,5673.860219335414,-1076.805379587995,-334.63553320008566,68.12561186883639,0.0,219.81070926841545,4333.536396717395,-4904.888897403394,-338.57064248144417,69.23550093849771,0.0,358.52525210121917,0.0
13,8,5630.242572223003,-1129.1370129743186,-334.63553320008566,68.12561186883639,0.0,219.81070926841545,4331.754526629013,-4835.676329692083,-338.57064248144417,69.23550093849771,0.0,358.52525210121917,0.0
13,9,5586.624925110593,-1181.468646360642,-334.63553320008566,68.12561186883639,0.0,219.81070926841545,4329.97265654063,-4766.463761980771,-338.57064248144417,69.23550093849771,0.0,358.52525210121917,0.0
13,10,5543.007277998182,-1233.8002797469655,-334.63553320008566,68.12561186883639,0.0,219.81070926841545,4328.190786452247,-4697.25119426946,-338.57064248144417,69.23550093849771,0.0,358.52525210121917,0.0
13,11,5499.389630885771,-1286.1319131332891,-334.63553320008566,68.12561186883639,0.0,219.81070926841545,4326.4089163638655,-4628.038626558149,-338.57064248144417,69.23550093849771,0.0,358.52525210121917,0.0
13,12,5455.771983773361,-1338.4635465196127,-334.63553320008566,68.12561186883639,0.0,219.81070926841545,4324.627046275483,-4558.826058846837,-338.57064248144417,69.23550093849771,0.0,358.52525210121917,0.0
13,13,5412.15433666095,-1390.7951799059363,-334.63553320008566,68.12561186883639,0.0,219.81070926841545,4322.8451761871,-4489.613491135527,-338.57064248144417,69.23550093849771,0.0,358.52525210121917,0.0
13,14,5368.53668954854,-1443.1268132922598,-334.63553320008566,68.12561186883639,0.0,219.81070926841545,4321.0633060987175,-4420.400923424215,-338.57064248144417,69.23550093849771,0.0,358.52525210121917,0.0
13,15,5324.9190424361295,-1495.4584466785832,-334.63553320008566,68.12561186883639,0.0,219.81070926841545,4319.281436010335,-4351.188355712904,-338.57064248144417,69.23550093849771,0.0,358.52525210121917,0.0
13,16,5281.301395323719,-1547.7900800649068,-334.63553320008566,68.12561186883639,0.0,219.81070926841545,4317.499565921953,-4281.975788001592,-338.57064248144417,69.23550093849771,0.0,358.52525210121917,0.0
13,17,5237.683748211309,-1600.1217134512303,-334.63553320008566,68.12561186883639,0.0,219.81070926841545,4315.71769583357,-4212.763220290281,-338.57064248144417,69.23550093849771,0.0,358.52525210121917,0.0
13,18,5194.066101098898,-1652.453346837554,-334.63553320008566,68.12561186883639,0.0,219.81070926841545,4313.935825745187,-4143.550652578971,-338.57064248144417,69.23550093849771,0.0,358.52525210121917,0.0
13,19,5150.448453986488,-1704.7849802238775,-334.63553320008566,68.12561186883639,0.0,219.81070926841545,4312.153955656805,-4074.338084867659,-338.57064248144417,69.23550093849771,0.0,358.52525210121917,0.0
13,20,5106.830806874077,-1757.116613610201,-334.63553320008566,68.12561186883639,0.0,219.81070926841545,4310.372085568422,-4005.1255171563475,-338.57064248144417,69.23550093849771,0.0,358.52525210121917,0.0
13,21,5063.213159761666,-1809.4482469965246,-334.63553320008566,68.12561186883639,0.0,219.81070926841545,4308.59021548004,-3935.9129494450362,-338.57064248144417,69.23550093849771,0.0,358.52525210121917,0.0
13,22,5019.595512649256,-1861.779880382848,-334.63553320008566,68.12561186883639,0.0,219.81070926841545,4306.808345391657,-3866.7003817337254,-338.57064248144417,69.23550093849771,0.0,358.52525210121917,0.0
13,23,4975.9778655368455,-1914.1115137691716,-334.63553320008566,68.12561186883639,0.0,219.81070926841545,4305.026475303274,-3797.4878140224137,-338.57064248144417,69.23550093849771,0.0,358.52525210121917,0.0
13,24,4932.3602184244355,-1966.443147155495,-334.63553320008566,68.12561186883639,0.0,219.81070926841545,4303.2446052148925,-3728.275246311103,-338.57064248144417,69.23550093849771,0.0,358.52525210121917,0.0
13,25,4888.742571312025,-2018.7747805418185,-334.63553320008566,68.12561186883639,0.0,219.81070926841545,4301.46273512651,-3659.0626785997915,-338.57064248144417,69.23550093849771,0.0,358.52525210121917,0.0
13,26,4845.124924199615,-2071.106413928142,-334.63553320008566,68.12561186883639,0.0,219.81070926841545,4299.680865038127,-3589.8501108884802,-338.57064248144417,69.23550093849771,0.0,358.52525210121917,0.0
13,27,4801.507277087204,-2123.4380473144656,-334.63553320008566,68.12561186883639,0.0,219.81070926841545,4297.8989949497445,-3520.637543177169,-338.57064248144417,69.23550093849771,0.0,358.52525210121917,0.0
13,28,4757.889629974794,-2175.769680700789,-334.63553320008566,68.12561186883639,0.0,219.81070926841545,4296.117124861362,-3451.4249754658576,-338.57064248144417,69.23550093849771,0.0,358.52525210121917,0.0
13,29,4714.271982862383,-2228.1013140871128,-334.63553320008566,68.12561186883639,0.0,219.81070926841545,4294.335254772979,-3382.2124077545463,-338.57064248144417,69.23550093849771,0.0,358.52525210121917,0.0
13,30,4670.654335749972,-2280.4329474734363,-334.63553320008566,68.12561186883639,0.0,219.81070926841545,4292.5533846845965,-3312.999840043235,-338.57064248144417,69.23550093849771,0.0,358.52525210121917,0.0
13,31,4627.036688637562,-2332.76458085976,-334.63553320008566,68.12561186883639,0.0,219.81070926841545,4290.771514596215,-3243.7872723319238,-338.57064248144417,69.23550093849771,0.0,358.52525210121917,0.0
13,32,4583.419041525151,-2385.0962142460835,-334.63553320008566,68.12561186883639,0.0,219.81070926841545,4288.989644507832,-3174.5747046206125,-338.57064248144417,69.23550093849771,0.0,358.52525210121917,0.0
13,33,4539.8013944127415,-2437.427847632407,-334.63553320008566,68.12561186883639,0.0,219.81070926841545,4287.207774419449,-3105.362136909301,-338.57064248144417,69.23550093849771,0.0,358.52525210121917,0.0
13,34,4496.183747300331,-2489.75948101873,-334.63553320008566,68.12561186883639,0.0,219.81070926841545,4285.425904331067,-3036.14956919799,-338.57064248144417,69.23550093849771,0.0,358.52525210121917,0.0
13,35,4452.56610018792,-2542.0911144050538,-334.63553320008566,68.12561186883639,0.0,219.81070926841545,4283.644034242684,-2966.937001486679,-338.57064248144417,69.23550093849771,0.0,358.52525210121917,0.0
13,36,4408.94845307551,-2594.4227477913773,-334.63553320008566,68.12561186883639,0.0,219.81070926841545,4281.862164154301,-2897.7244337753677,-338.57064248144417,69.23550093849771,0.0,358.52525210121917,0.0
13,37,4365.330805963099,-2646.754381177701,-334.63553320008566,68.12561186883639,0.0,219.81070926841545,4280.080294065919,-2828.5118660640564,-338.57064248144417,69.23550093849771,0.0,358.52525210121917,0.0
13,38,4321.713158850689,-2699.0860145640245,-334.63553320008566,68.12561186883639,0.0,219.81070926841545,4278.298423977537,-2759.299298352745,-338.57064248144417,69.23550093849771,0.0,358.52525210121917,0.0
13,39,4278.095511738278,-2751.417647950348,-334.63553320008566,68.12561186883639,0.0,219.81070926841545,4276.516553889154,-2690.086730641434,-338.57064248144417,69.23550093849771,0.0,358.52525210121917,0.0
13,40,4234.477864625867,-2803.7492813366716,-334.63553320008566,68.12561186883639,0.0,219.81070926841545,4274.734683800772,-2620.8741629301226,-338.57064248144417,69.23550093849771,0.0,358.52525210121917,0.0
13,41,4190.860217513457,-2856.080914722995,-334.63553320008566,68.12561186883639,0.0,219.81070926841545,4272.952813712389,-2551.6615952188113,-338.57064248144417,69.23550093849771,0.0,358.52525210121917,0.0
13,42,4147.242570401047,-2908.412548109319,-334.63553320008566,68.12561186883639,0.0,219.81070926841545,4271.170943624006,-2482.4490275075,-338.57064248144417,69.23550093849771,0.0,358.52525210121917,0.0
13,43,4103.624923288637,-2960.7441814956424,-334.63553320008566,68.12561186883639,0.0,219.81070926841545,4269.3890735356235,-2413.2364597961887,-338.57064248144417,69.23550093849771,0.0,358.52525210121917,0.0
13,44,4060.007276176226,-3013.075814881966,-334.63553320008566,68.12561186883639,0.0,219.81070926841545,4267.607203447241,-2344.023892084878,-338.57064248144417,69.23550093849771,0.0,358.52525210121917,0.0
13,45,4016.3896290638154,-3065.407448268289,-334.63553320008566,68.12561186883639,0.0,219.81070926841545,4265.825333358859,-2274.8113243735665,-338.57064248144417,69.23550093849771,0.0,358.52525210121917,0.0
13,46,3972.771981951405,-3117.7390816546126,-334.63553320008566,68.12561186883639,0.0,219.81070926841545,4264.043463270476,-2205.5987566622553,-338.57064248144417,69.23550093849771,0.0,358.52525210121917,0.0
13,47,3929.1543348389946,-3170.070715040936,-334.63553320008566,68.12561186883639,0.0,219.81070926841545,4262.261593182094,-2136.386188950944,-338.57064248144417,69.23550093849771,0.0,358.52525210121917,0.0
13,48,3885.536687726584,-3222.4023484272598,-334.63553320008566,68.12561186883639,0.0,219.81070926841545,4260.479723093711,-2067.1736212396327,-338.57064248144417,69.23550093849771,0.0,358.52525210121917,0.0
13,49,3841.9190406141734,-3274.7339818135833,-334.63553320008566,68.12561186883639,0.0,219.81070926841545,4258.697853005328,-1997.9610535283214,-338.57064248144417,69.23550093849771,0.0,358.52525210121917,0.0
14,0,5413.94203535458,481.8874870219247,467.28393422850036,68.94867299404301,0.0,199.34213800006495,3248.69614623261,-4054.0339632842624,488.35349677005695,62.69042900813989,0.0,392.5268431455275,0.0
14,1,5391.105654401125,416.8304411883778,467.28393422850036,68.94867299404301,0.0,199.34213800006495,3282.4044563551925,-4001.177178309158,488.35349677005695,62.69042900813989,0.0,392.5268431455275,0.0
14,2,5368.2692734476705,351.7733953548318,467.28393422850036,68.94867299404301,0.0,199.34213800006495,3316.112766477775,-3948.3203933340537,488.35349677005695,62.69042900813989,0.0,392.5268431455275,0.0
14,3,5345.432892494216,286.71634952128534,467.28393422850036,68.94867299404301,0.0,199.34213800006495,3349.8210766003576,-3895.4636083589494,488.35349677005695,62.69042900813989,0.0,392.5268431455275,0.0
14,4,5322.596511540762,221.65930368773843,467.28393422850036,68.94867299404301,0.0,199.34213800006495,3383.52938672294,-3842.606823383845,488.35349677005695,62.69042900813989,0.0,392.5268431455275,0.0
14,5,5299.760130587307,156.60225785419198,467.28393422850036,68.94867299404301,0.0,199.34213800006495,3417.237696845523,-3789.7500384087407,488.35349677005695,62.69042900813989,0.0,392.5268431455275,0.0
14,6,5276.923749633852,91.54521202064598,467.28393422850036,68.94867299404301,0.0,199.34213800006495,3450.9460069681054,-3736.8932534336363,488.35349677005695,62.69042900813989,0.0,392.5268431455275,0.0
14,7,5254.087368680397,26.488166187099523,467.28393422850036,68.94867299404301,0.0,199.34213800006495,3484.6543170906884,-3684.036468458532,488.35349677005695,62.69042900813989,0.0,392.5268431455275,0.0
14,8,5231.250987726942,-38.56887964644716,467.28393422850036,68.94867299404301,0.0,199.34213800006495,3518.362627213271,-3631.1796834834277,488.35349677005695,62.69042900813989,0.0,392.5268431455275,0.0
14,9,5208.414606773487,-103.62592547999338,467.28393422850036,68.94867299404301,0.0,199.34213800006495,3552.070937335854,-3578.3228985083233,488.35349677005695,62.69042900813989,0.0,392.5268431455275,0.0
14,10,5185.5782258200325,-168.68297131354007,467.28393422850036,68.94867299404301,0.0,199.34213800006495,3585.7792474584367,-3525.4661135332194,488.35349677005695,62.69042900813989,0.0,392.5268431455275,0.0
14,11,5162.741844866578,-233.74001714708652,467.28393422850036,68.94867299404301,0.0,199.34213800006495,3619.4875575810192,-3472.609328558115,488.35349677005695,62.69042900813989,0.0,392.5268431455275,0.0
14,12,5139.905463913123,-298.797062980633,467.28393422850036,68.94867299404301,0.0,199.34213800006495,3653.195867703602,-3419.7525435830107,488.35349677005695,62.69042900813989,0.0,392.5268431455275,0.0
14,13,5117.069082959669,-363.8541088141794,467.28393422850036,68.94867299404301,0.0,199.34213800006495,3686.9041778261844,-3366.8957586079064,488.35349677005695,62.69042900813989,0.0,392.5268431455275,0.0
14,14,5094.232702006214,-428.9111546477259,467.28393422850036,68.94867299404301,0.0,199.34213800006495,3720.6124879487675,-3314.0389736328016,488.35349677005695,62.69042900813989,0.0,392.5268431455275,0.0
14,15,5071.396321052759,-493.96820048127256,467.28393422850036,68.94867299404301,0.0,199.34213800006495,3754.32079807135,-3261.1821886576977,488.35349677005695,62.69042900813989,0.0,392.5268431455275,0.0
14,16,5048.559940099304,-559.0252463148188,467.28393422850036,68.94867299404301,0.0,199.34213800006495,3788.029108193933,-3208.3254036825933,488.35349677005695,62.69042900813989,0.0,392.5268431455275,0.0
14,17,5025.723559145849,-624.0822921483652,467.28393422850036,68.94867299404301,0.0,199.34213800006495,3821.7374183165157,-3155.468618707489,488.35349677005695,62.69042900813989,0.0,392.5268431455275,0.0
14,18,5002.8871781923945,-689.1393379819117,467.28393422850036,68.94867299404301,0.0,199.34213800006495,3855.4457284390983,-3102.6118337323846,488.35349677005695,62.69042900813989,0.0,392.5268431455275,0.0
14,19,4980.05079723894,-754.1963838154581,467.28393422850036,68.94867299404301,0.0,199.34213800006495,3889.154038561681,-3049.7550487572803,488.35349677005695,62.69042900813989,0.0,392.5268431455275,0.0
14,20,4957.214416285486,-819.2534296490048,467.28393422850036,68.94867299404301,0.0,199.34213800006495,3922.8623486842635,-2996.898263782176,488.35349677005695,62.69042900813989,0.0,392.5268431455275,0.0
14,21,4934.378035332031,-884.310475482551,467.28393422850036,68.94867299404301,0.0,199.34213800006495,3956.5706588068465,-2944.0414788070716,488.35349677005695,62.69042900813989,0.0,392.5268431455275,0.0
14,22,4911.541654378576,-949.3675213160977,467.28393422850036,68.94867299404301,0.0,199.34213800006495,3990.278968929429,-2891.1846938319673,488.35349677005695,62.69042900813989,0.0,392.5268431455275,0.0
14,23,4888.705273425121,-1014.424567149644,467.28393422850036,68.94867299404301,0.0,199.34213800006495,4023.9872790520117,-2838.327908856863,488.35349677005695,62.69042900813989,0.0,392.5268431455275,0.0
14,24,4865.868892471666,-1079.4816129831904,467.28393422850036,68.94867299404301,0.0,199.34213800006495,4057.6955891745947,-2785.4711238817586,488.35349677005695,62.69042900813989,0.0,392.5268431455275,0.0
14,25,4843.032511518211,-1144.538658816737,467.28393422850036,68.94867299404301,0.0,199.34213800006495,4091.4038992971773,-2732.614338906654,488.35349677005695,62.69042900813989,0.0,392.5268431455275,0.0
14,26,4820.1961305647565,-1209.5957046502836,467.28393422850036,68.94867299404301,0.0,199.34213800006495,4125.11220941976,-2679.75755393155,488.35349677005695,62.69042900813989,0.0,392.5268431455275,0.0
14,27,4797.359749611302,-1274.65275048383,467.28393422850036,68.94867299404301,0.0,199.34213800006495,4158.8205195423425,-2626.900768956446,488.35349677005695,62.69042900813989,0.0,392.5268431455275,0.0
14,28,4774.523368657848,-1339.7097963173765,467.28393422850036,68.94867299404301,0.0,199.34213800006495,4192.528829664925,-2574.0439839813416,488.35349677005695,62.69042900813989,0.0,392.5268431455275,0.0
14,29,4751.686987704393,-1404.766842150923,467.28393422850036,68.94867299404301,0.0,199.34213800006495,4226.237139787509,-2521.187199006237,488.35349677005695,62.69042900813989,0.0,392.5268431455275,0.0
14,30,4728.850606750938,-1469.8238879844694,467.28393422850036,68.94867299404301,0.0,199.34213800006495,4259.945449910091,-2468.330414031133,488.35349677005695,62.69042900813989,0.0,392.5268431455275,0.0
14,31,4706.014225797483,-1534.8809338180158,467.28393422850036,68.94867299404301,0.0,199.34213800006495,4293.653760032674,-2415.4736290560286,488.35349677005695,62.69042900813989,0.0,392.5268431455275,0.0
14,32,4683.177844844028,-1599.9379796515623,467.28393422850036,68.94867299404301,0.0,199.34213800006495,4327.362070155256,-2362.6168440809242,488.35349677005695,62.69042900813989,0.0,392.5268431455275,0.0
14,33,4660.341463890573,-1664.9950254851087,467.28393422850036,68.94867299404301,0.0,199.34213800006495,4361.070380277839,-2309.76005910582,488.35349677005695,62.69042900813989,0.0,392.5268431455275,0.0
14,34,4637.5050829371185,-1730.0520713186552,467.28393422850036,68.94867299404301,0.0,199.34213800006495,4394.7786904004215,-2256.9032741307155,488.35349677005695,62.69042900813989,0.0,392.5268431455275,0.0
14,35,4614.668701983664,-1795.1091171522016,467.28393422850036,68.94867299404301,0.0,199.34213800006495,4428.487000523004,-2204.046489155611,488.35349677005695,62.69042900813989,0.0,392.5268431455275,0.0
14,36,4591.83232103021,-1860.166162985748,467.28393422850036,68.94867299404301,0.0,199.34213800006495,4462.195310645587,-2151.189704180507,488.35349677005695,62.69042900813989,0.0,392.5268431455275,0.0
14,37,4568.995940076755,-1925.2232088192945,467.28393422850036,68.94867299404301,0.0,199.34213800006495,4495.90362076817,-2098.3329192054025,488.35349677005695,62.69042900813989,0.0,392.5268431455275,0.0
14,38,4546.1595591233,-1990.280254652841,467.28393422850036,68.94867299404301,0.0,199.34213800006495,4529.611930890753,-2045.476134230298,488.35349677005695,62.69042900813989,0.0,392.5268431455275,0.0
14,39,4523.323178169845,-2055.3373004863874,467.28393422850036,68.94867299404301,0.0,199.34213800006495,4563.320241013335,-1992.6193492551938,488.35349677005695,62.69042900813989,0.0,392.5268431455275,0.0
14,40,4500.48679721639,-2120.394346319934,467.28393422850036,68.94867299404301,0.0,199.34213800006495,4597.028551135918,-1939.7625642800895,488.35349677005695,62.69042900813989,0.0,392.5268431455275,0.0
14,41,4477.650416262935,-2185.4513921534804,467.28393422850036,68.94867299404301,0.0,199.34213800006495,4630.7368612585005,-1886.9057793049851,488.35349677005695,62.69042900813989,0.0,392.5268431455275,0.0
14,42,4454.8140353094805,-2250.508437987027,467.28393422850036,68.94867299404301,0.0,199.34213800006495,4664.445171381083,-1834.0489943298808,488.35349677005695,62.69042900813989,0.0,392.5268431455275,0.0
14,43,4431.9776543560265,-2315.5654838205733,467.28393422850036,68.94867299404301,0.0,199.34213800006495,4698.153481503666,-1781.1922093547764,488.35349677005695,62.69042900813989,0.0,392.5268431455275,0.0
14,44,4409.141273402572,-2380.6225296541197,467.28393422850036,68.94867299404301,0.0,199.34213800006495,4731.861791626249,-1728.335424379672,488.35349677005695,62.69042900813989,0.0,392.5268431455275,0.0
14,45,4386.304892449117,-2445.679575487666,467.28393422850036,68.94867299404301,0.0,199.34213800006495,4765.570101748832,-1675.4786394045677,488.35349677005695,62.69042900813989,0.0,392.5268431455275,0.0
14,46,4363.468511495662,-2510.7366213212126,467.28393422850036,68.94867299404301,0.0,199.34213800006495,4799.278411871414,-1622.6218544294634,488.35349677005695,62.69042900813989,0.0,392.5268431455275,0.0
14,47,4340.632130542207,-2575.793667154759,467.28393422850036,68.94867299404301,0.0,199.34213800006495,4832.986721993997,-1569.765069454359,488.35349677005695,62.69042900813989,0.0,392.5268431455275,0.0
14,48,4317.795749588752,-2640.8507129883055,467.28393422850036,68.94867299404301,0.0,199.34213800006495,4866.69503211658,-1516.9082844792547,488.35349677005695,62.69042900813989,0.0,392.5268431455275,0.0
14,49,4294.959368635297,-2705.907758821852,467.28393422850036,68.94867299404301,0.0,199.34213800006495,4900.403342239162,-1464.0514995041503,488.35349677005695,62.69042900813989,0.0,392.5268431455275,0.0
15,0,1692.43927497413,-2551.526040731067,388.1295848462952,65.04489805256483,0.0,344.77945721069545,-1193.2526057458113,432.2945835509639,383.61703800791423,60.39508884805572,0.0,463.57681675633046,0.0
15,1,1675.362702378342,-2488.7627598173885,388.1295848462952,65.04489805256483,0.0,344.77945721069545,-1134.5451933265304,418.11690800110557,383.61703800791423,60.39508884805572,0.0,463.57681675633046,0.0
15,2,1658.2861297825539,-2425.9994789037096,388.1295848462952,65.04489805256483,0.0,344.77945721069545,-1075.83778090725,403.939232451247,383.61703800791423,60.39508884805572,0.0,463.57681675633046,0.0
15,3,1641.2095571867656,-2363.236197990031,388.1295848462952,65.04489805256483,0.0,344.77945721069545,-1017.1303684879695,389.76155690138864,383.61703800791423,60.39508884805572,0.0,463.57681675633046,0.0
15,4,1624.1329845909775,-2300.4729170763526,388.1295848462952,65.04489805256483,0.0,344.77945721069545,-958.422956068689,375.5838813515301,383.61703800791423,60.39508884805572,0.0,463.57681675633046,0.0
15,5,1607.0564119951891,-2237.709636162674,388.1295848462952,65.04489805256483,0.0,344.77945721069545,-899.7155436494086,361.4062058016716,383.61703800791423,60.39508884805572,0.0,463.57681675633046,0.0
15,6,1589.979839399401,-2174.9463552489956,388.1295848462952,65.04489805256483,0.0,344.77945721069545,-841.0081312301279,347.2285302518132,383.61703800791423,60.39508884805572,0.0,463.57681675633046,0.0
15,7,1572.903266803613,-2112.183074335317,388.1295848462952,65.04489805256483,0.0,344.77945721069545,-782.3007188108475,333.0508547019548,383.61703800791423,60.39508884805572,0.0,463.57681675633046,0.0
15,8,1555.8266942078249,-2049.4197934216386,388.1295848462952,65.04489805256483,0.0,344.77945721069545,-723.593306391567,318.8731791520963,383.61703800791423,60.39508884805572,0.0,463.57681675633046,0.0
15,9,1538.7501216120368,-1986.65651250796,388.1295848462952,65.04489805256483,0.0,344.77945721069545,-664.8858939722866,304.69550360223786,383.61703800791423,60.39508884805572,0.0,463.57681675633046,0.0
15,10,1521.6735490162484,-1923.8932315942814,388.1295848462952,65.04489805256483,0.0,344.77945721069545,-606.1784815530059,290.5178280523794,383.61703800791423,60.39508884805572,0.0,463.57681675633046,0.0
15,11,1504.5969764204604,-1861.1299506806029,388.1295848462952,65.04489805256483,0.0,344.77945721069545,-547.4710691337257,276.340152502521,383.61703800791423,60.39508884805572,0.0,463.57681675633046,0.0
15,12,1487.520403824672,-1798.3666697669241,388.1295848462952,65.04489805256483,0.0,344.77945721069545,-488.763656714445,262.1624769526625,383.61703800791423,60.39508884805572,0.0,463.57681675633046,0.0
15,13,1470.443831228884,-1735.6033888532456,388.1295848462952,65.04489805256483,0.0,344.77945721069545,-430.05624429516456,247.98480140280395,383.61703800791423,60.39508884805572,0.0,463.57681675633046,0.0
15,14,1453.3672586330958,-1672.8401079395671,388.1295848462952,65.04489805256483,0.0,344.77945721069545,-371.3488318758839,233.8071258529455,383.61703800791423,60.39508884805572,0.0,463.57681675633046,0.0
15,15,1436.2906860373078,-1610.0768270258884,388.1295848462952,65.04489805256483,0.0,344.77945721069545,-312.64141945660344,219.62945030308703,383.61703800791423,60.39508884805572,0.0,463.57681675633046,0.0
15,16,1419.2141134415194,-1547.31354611221,388.1295848462952,65.04489805256483,0.0,344.77945721069545,-253.934007037323,205.45177475322856,383.61703800791423,60.39508884805572,0.0,463.57681675633046,0.0
15,17,1402.1375408457313,-1484.5502651985314,388.1295848462952,65.04489805256483,0.0,344.77945721069545,-195.22659461804233,191.27409920337016,383.61703800791423,60.39508884805572,0.0,463.57681675633046,0.0
15,18,1385.060968249943,-1421.786984284853,388.1295848462952,65.04489805256483,0.0,344.77945721069545,-136.5191821987621,177.09642365351164,383.61703800791423,60.39508884805572,0.0,463.57681675633046,0.0
15,19,1367.984395654155,-1359.0237033711742,388.1295848462952,65.04489805256483,0.0,344.77945721069545,-77.81176977948144,162.91874810365323,383.61703800791423,60.39508884805572,0.0,463.57681675633046,0.0
15,20,1350.9078230583668,-1296.2604224574957,388.1295848462952,65.04489805256483,0.0,344.77945721069545,-19.104357360200993,148.7410725537948,383.61703800791423,60.39508884805572,0.0,463.57681675633046,0.0
15,21,1333.8312504625787,-1233.497141543817,388.1295848462952,65.04489805256483,0.0,344.77945721069545,39.603055059079566,134.56339700393633,383.61703800791423,60.39508884805572,0.0,463.57681675633046,0.0
15,22,1316.7546778667904,-1170.7338606301385,388.1295848462952,65.04489805256483,0.0,344.77945721069545,98.31046747836001,120.38572145407781,383.61703800791423,60.39508884805572,0.0,463.57681675633046,0.0
15,23,1299.6781052710023,-1107.97057971646,388.1295848462952,65.04489805256483,0.0,344.77945721069545,157.01787989764057,106.20804590421938,383.61703800791423,60.39508884805572,0.0,463.57681675633046,0.0
15,24,1282.6015326752142,-1045.2072988027815,388.1295848462952,65.04489805256483,0.0,344.77945721069545,215.725292316921,92.03037035436091,383.61703800791423,60.39508884805572,0.0,463.57681675633046,0.0
15,25,1265.524960079426,-982.4440178891028,388.1295848462952,65.04489805256483,0.0,344.77945721069545,274.4327047362016,77.85269480450245,383.61703800791423,60.39508884805572,0.0,463.57681675633046,0.0
15,26,1248.4483874836378,-919.6807369754242,388.1295848462952,65.04489805256483,0.0,344.77945721069545,333.140117155482,63.675019254643956,383.61703800791423,60.39508884805572,0.0,463.57681675633046,0.0
15,27,1231.3718148878497,-856.9174560617456,388.1295848462952,65.04489805256483,0.0,344.77945721069545,391.84752957476246,49.49734370478549,383.61703800791423,60.39508884805572,0.0,463.57681675633046,0.0
15,28,1214.2952422920616,-794.1541751480671,388.1295848462952,65.04489805256483,0.0,344.77945721069545,450.554941994043,35.31966815492706,383.61703800791423,60.39508884805572,0.0,463.57681675633046,0.0
15,29,1197.2186696962733,-731.3908942343885,388.1295848462952,65.04489805256483,0.0,344.77945721069545,509.26235441332346,21.14199260506858,383.61703800791423,60.39508884805572,0.0,463.57681675633046,0.0
15,30,1180.1420971004852,-668.6276133207099,388.1295848462952,65.04489805256483,0.0,344.77945721069545,567.9697668326039,6.964317055210117,383.61703800791423,60.39508884805572,0.0,463.57681675633046,0.0
15,31,1163.065524504697,-605.8643324070314,388.1295848462952,65.04489805256483,0.0,344.77945721069545,626.6771792518844,-7.213358494648347,383.61703800791423,60.39508884805572,0.0,463.57681675633046,0.0
15,32,1145.9889519089088,-543.1010514933528,388.1295848462952,65.04489805256483,0.0,344.77945721069545,685.384591671165,-21.39103404450678,383.61703800791423,60.39508884805572,0.0,463.57681675633046,0.0
15,33,1128.9123793131207,-480.3377705796742,388.1295848462952,65.04489805256483,0.0,344.77945721069545,744.0920040904455,-35.56870959436529,383.61703800791423,60.39508884805572,0.0,463.57681675633046,0.0
15,34,1111.8358067173326,-417.57448966599566,388.1295848462952,65.04489805256483,0.0,344.77945721069545,802.7994165097259,-49.74638514422374,383.61703800791423,60.39508884805572,0.0,463.57681675633046,0.0
15,35,1094.7592341215443,-354.8112087523171,388.1295848462952,65.04489805256483,0.0,344.77945721069545,861.5068289290064,-63.9240606940822,383.61703800791423,60.39508884805572,0.0,463.57681675633046,0.0
15,36,1077.6826615257562,-292.04792783863854,388.1295848462952,65.04489805256483,0.0,344.77945721069545,920.2142413482869,-78.10173624394066,383.61703800791423,60.39508884805572,0.0,463.57681675633046,0.0
15,37,1060.606088929968,-229.28464692495996,388.1295848462952,65.04489805256483,0.0,344.77945721069545,978.9216537675675,-92.27941179379913,383.61703800791423,60.39508884805572,0.0,463.57681675633046,0.0
15,38,1043.5295163341798,-166.52136601128137,388.1295848462952,65.04489805256483,0.0,344.77945721069545,1037.629066186848,-106.45708734365759,383.61703800791423,60.39508884805572,0.0,463.57681675633046,0.0
15,39,1026.4529437383917,-103.75808509760282,388.1295848462952,65.04489805256483,0.0,344.77945721069545,1096.3364786061284,-120.63476289351605,383.61703800791423,60.39508884805572,0.0,463.57681675633046,0.0
15,40,1009.3763711426035,-40.994804183924245,388.1295848462952,65.04489805256483,0.0,344.77945721069545,1155.0438910254088,-134.81243844337453,383.61703800791423,60.39508884805572,0.0,463.57681675633046,0.0
15,41,992.2997985468154,21.768476729754326,388.1295848462952,65.04489805256483,0.0,344.77945721069545,1213.7513034446895,-148.99011399323297,383.61703800791423,60.39508884805572,0.0,463.57681675633046,0.0
15,42,975.2232259510272,84.53175764343288,388.1295848462952,65.04489805256483,0.0,344.77945721069545,1272.45871586397,-163.16778954309146,383.61703800791423,60.39508884805572,0.0,463.57681675633046,0.0
15,43,958.1466533552391,147.29503855711147,388.1295848462952,65.04489805256483,0.0,344.77945721069545,1331.1661282832504,-177.3454650929499,383.61703800791423,60.39508884805572,0.0,463.57681675633046,0.0
15,44,941.0700807594509,210.05831947079002,388.1295848462952,65.04489805256483,0.0,344.77945721069545,1389.8735407025308,-191.52314064280841,383.61703800791423,60.39508884805572,0.0,463.57681675633046,0.0
15,45,923.9935081636627,272.8216003844686,388.1295848462952,65.04489805256483,0.0,344.77945721069545,1448.5809531218115,-205.70081619266685,383.61703800791423,60.39508884805572,0.0,463.57681675633046,0.0
15,46,906.9169355678746,335.5848812981472,388.1295848462952,65.04489805256483,0.0,344.77945721069545,1507.288365541092,-219.87849174252528,383.61703800791423,60.39508884805572,0.0,463.57681675633046,0.0
15,47,889.8403629720864,398.34816221182575,388.1295848462952,65.04489805256483,0.0,344.77945721069545,1565.9957779603724,-234.05616729238375,383.61703800791423,60.39508884805572,0.0,463.57681675633046,0.0
15,48,872.7637903762982,461.11144312550425,388.1295848462952,65.04489805256483,0.0,344.77945721069545,1624.7031903796528,-248.23384284224227,383.61703800791423,60.39508884805572,0.0,463.57681675633046,0.0
15,49,855.6872177805101,523.8747240391829,388.1295848462952,65.04489805256483,0.0,344.77945721069545,1683.4106027989333,-262.4115183921007,383.61703800791423,60.39508884805572,0.0,463.57681675633046,0.0
16,0,3587.215213993709,-450.8081134724457,493.2925960262223,61.906090770041374,0.0,23.58344869768095,6280.52643872585,3255.1482025295363,505.8466510334464,60.49809866029317,0.0,229.15744781454833,0.0
16,1,3611.9828690983722,-394.0725220412719,493.2925960262223,61.906090770041374,0.0,23.58344869768095,6234.759048285946,3215.5834971239365,505.8466510334464,60.49809866029317,0.0,229.15744781454833,0.0
16,2,3636.7505242030356,-337.33693061009853,493.2925960262223,61.906090770041374,0.0,23.58344869768095,6188.991657846042,3176.0187917183366,505.8466510334464,60.49809866029317,0.0,229.15744781454833,0.0
16,3,3661.5181793076986,-280.60133917892495,493.2925960262223,61.906090770041374,0.0,23.58344869768095,6143.224267406136,3136.454086312737,505.8466510334464,60.49809866029317,0.0,229.15744781454833,0.0
16,4,3686.285834412362,-223.86574774775158,493.2925960262223,61.906090770041374,0.0,23.58344869768095,6097.456876966232,3096.8893809071374,505.8466510334464,60.49809866029317,0.0,229.15744781454833,0.0
16,5,3711.053489517025,-167.130156316578,493.2925960262223,61.906090770041374,0.0,23.58344869768095,6051.6894865263275,3057.324675501538,505.8466510334464,60.49809866029317,0.0,229.15744781454833,0.0
16,6,3735.8211446216883,-110.3945648854044,493.2925960262223,61.906090770041374,0.0,23.58344869768095,6005.922096086422,3017.759970095938,505.8466510334464,60.49809866029317,0.0,229.15744781454833,0.0
16,7,3760.5887997263517,-53.65897345423082,493.2925960262223,61.906090770041374,0.0,23.58344869768095,5960.154705646518,2978.1952646903383,505.8466510334464,60.49809866029317,0.0,229.15744781454833,0.0
16,8,3785.356454831015,3.0766179769425435,493.2925960262223,61.906090770041374,0.0,23.58344869768095,5914.3873152066135,2938.6305592847384,505.8466510334464,60.49809866029317,0.0,229.15744781454833,0.0
16,9,3810.124109935678,59.81220940811613,493.2925960262223,61.906090770041374,0.0,23.58344869768095,5868.619924766708,2899.0658538791386,505.8466510334464,60.49809866029317,0.0,229.15744781454833,0.0
16,10,3834.8917650403414,116.54780083928972,493.2925960262223,61.906090770041374,0.0,23.58344869768095,5822.852534326804,2859.5011484735387,505.8466510334464,60.49809866029317,0.0,229.15744781454833,0.0
16,11,3859.6594201450043,173.28339227046308,493.2925960262223,61.906090770041374,0.0,23.58344869768095,5777.0851438868995,2819.9364430679393,505.8466510334464,60.49809866029317,0.0,229.15744781454833,0.0
16,12,3884.4270752496677,230.01898370163667,493.2925960262223,61.906090770041374,0.0,23.58344869768095,5731.317753446995,2780.37173766234,505.8466510334464,60.49809866029317,0.0,229.15744781454833,0.0
16,13,3909.194730354331,286.75457513281026,493.2925960262223,61.906090770041374,0.0,23.58344869768095,5685.550363007091,2740.80703225674,505.8466510334464,60.49809866029317,0.0,229.15744781454833,0.0
16,14,3933.9623854589945,343.4901665639836,493.2925960262223,61.906090770041374,0.0,23.58344869768095,5639.782972567185,2701.24232685114,505.8466510334464,60.49809866029317,0.0,229.15744781454833,0.0
16,15,3958.730040563658,400.2257579951572,493.2925960262223,61.906090770041374,0.0,23.58344869768095,5594.015582127281,2661.6776214455404,505.8466510334464,60.49809866029317,0.0,229.15744781454833,0.0
16,16,3983.497695668321,456.9613494263308,493.2925960262223,61.906090770041374,0.0,23.58344869768095,5548.248191687377,2622.1129160399405,505.8466510334464,60.49809866029317,0.0,229.15744781454833,0.0
16,17,4008.265350772984,513.6969408575044,493.2925960262223,61.906090770041374,0.0,23.58344869768095,5502.480801247471,2582.548210634341,505.8466510334464,60.49809866029317,0.0,229.15744781454833,0.0
16,18,4033.033005877647,570.4325322886777,493.2925960262223,61.906090770041374,0.0,23.58344869768095,5456.713410807567,2542.9835052287413,505.8466510334464,60.49809866029317,0.0,229.15744781454833,0.0
16,19,4057.8006609823105,627.1681237198513,493.2925960262223,61.906090770041374,0.0,23.58344869768095,5410.946020367663,2503.418799823142,505.8466510334464,60.49809866029317,0.0,229.15744781454833,0.0
16,20,4082.568316086974,683.9037151510249,493.2925960262223,61.906090770041374,0.0,23.58344869768095,5365.178629927757,2463.854094417542,505.8466510334464,60.49809866029317,0.0,229.15744781454833,0.0
16,21,4107.335971191637,740.6393065821984,493.2925960262223,61.906090770041374,0.0,23.58344869768095,5319.411239487853,2424.289389011942,505.8466510334464,60.49809866029317,0.0,229.15744781454833,0.0
16,22,4132.103626296301,797.3748980133719,493.2925960262223,61.906090770041374,0.0,23.58344869768095,5273.643849047949,2384.7246836063423,505.8466510334464,60.49809866029317,0.0,229.15744781454833,0.0
16,23,4156.871281400963,854.1104894445455,493.2925960262223,61.906090770041374,0.0,23.58344869768095,5227.876458608043,2345.1599782007424,505.8466510334464,60.49809866029317,0.0,229.15744781454833,0.0
16,24,4181.638936505627,910.8460808757189,493.2925960262223,61.906090770041374,0.0,23.58344869768095,5182.109068168139,2305.595272795143,505.8466510334464,60.49809866029317,0.0,229.15744781454833,0.0
16,25,4206.40659161029,967.5816723068924,493.2925960262223,61.906090770041374,0.0,23.58344869768095,5136.341677728235,2266.030567389543,505.8466510334464,60.49809866029317,0.0,229.15744781454833,0.0
16,26,4231.174246714953,1024.317263738066,493.2925960262223,61.906090770041374,0.0,23.58344869768095,5090.57428728833,2226.4658619839433,505.8466510334464,60.49809866029317,0.0,229.15744781454833,0.0
16,27,4255.941901819617,1081.0528551692396,493.2925960262223,61.906090770041374,0.0,23.58344869768095,5044.806896848425,2186.901156578344,505.8466510334464,60.49809866029317,0.0,229.15744781454833,0.0
16,28,4280.70955692428,1137.788446600413,493.2925960262223,61.906090770041374,0.0,23.58344869768095,4999.0395064085205,2147.336451172744,505.8466510334464,60.49809866029317,0.0,229.15744781454833,0.0
16,29,4305.4772120289435,1194.5240380315865,493.2925960262223,61.906090770041374,0.0,23.58344869768095,4953.272115968616,2107.7717457671442,505.8466510334464,60.49809866029317,0.0,229.15744781454833,0.0
16,30,4330.244867133606,1251.2596294627601,493.2925960262223,61.906090770041374,0.0,23.58344869768095,4907.504725528712,2068.207040361545,505.8466510334464,60.49809866029317,0.0,229.15744781454833,0.0
16,31,4355.012522238269,1307.9952208939335,493.2925960262223,61.906090770041374,0.0,23.58344869768095,4861.7373350888065,2028.642334955945,505.8466510334464,60.49809866029317,0.0,229.15744781454833,0.0
16,32,4379.780177342933,1364.730812325107,493.2925960262223,61.906090770041374,0.0,23.58344869768095,4815.969944648902,1989.0776295503451,505.8466510334464,60.49809866029317,0.0,229.15744781454833,0.0
16,33,4404.547832447596,1421.4664037562807,493.2925960262223,61.906090770041374,0.0,23.58344869768095,4770.202554208998,1949.5129241447455,505.8466510334464,60.49809866029317,0.0,229.15744781454833,0.0
16,34,4429.31548755226,1478.201995187454,493.2925960262223,61.906090770041374,0.0,23.58344869768095,4724.4351637690925,1909.948218739146,505.8466510334464,60.49809866029317,0.0,229.15744781454833,0.0
16,35,4454.083142656923,1534.9375866186276,493.2925960262223,61.906090770041374,0.0,23.58344869768095,4678.667773329188,1870.383513333546,505.8466510334464,60.49809866029317,0.0,229.15744781454833,0.0
16,36,4478.850797761585,1591.6731780498012,493.2925960262223,61.906090770041374,0.0,23.58344869768095,4632.900382889284,1830.8188079279464,505.8466510334464,60.49809866029317,0.0,229.15744781454833,0.0
16,37,4503.618452866249,1648.4087694809748,493.2925960262223,61.906090770041374,0.0,23.58344869768095,4587.132992449378,1791.2541025223466,505.8466510334464,60.49809866029317,0.0,229.15744781454833,0.0
16,38,4528.386107970912,1705.1443609121482,493.2925960262223,61.906090770041374,0.0,23.58344869768095,4541.365602009474,1751.689397116747,505.8466510334464,60.49809866029317,0.0,229.15744781454833,0.0
16,39,4553.153763075576,1761.8799523433217,493.2925960262223,61.906090770041374,0.0,23.58344869768095,4495.59821156957,1712.124691711147,505.8466510334464,60.49809866029317,0.0,229.15744781454833,0.0
16,40,4577.921418180239,1818.6155437744953,493.2925960262223,61.906090770041374,0.0,23.58344869768095,4449.830821129665,1672.5599863055475,505.8466510334464,60.49809866029317,0.0,229.15744781454833,0.0
16,41,4602.689073284902,1875.3511352056687,493.2925960262223,61.906090770041374,0.0,23.58344869768095,4404.06343068976,1632.9952808999478,505.8466510334464,60.49809866029317,0.0,229.15744781454833,0.0
16,42,4627.456728389566,1932.0867266368423,493.2925960262223,61.906090770041374,0.0,23.58344869768095,4358.296040249856,1593.430575494348,505.8466510334464,60.49809866029317,0.0,229.15744781454833,0.0
16,43,4652.224383494228,1988.8223180680159,493.2925960262223,61.906090770041374,0.0,23.58344869768095,4312.528649809951,1553.8658700887484,505.8466510334464,60.49809866029317,0.0,229.15744781454833,0.0
16,44,4676.992038598892,2045.5579094991895,493.2925960262223,61.906090770041374,0.0,23.58344869768095,4266.761259370046,1514.3011646831485,505.8466510334464,60.49809866029317,0.0,229.15744781454833,0.0
16,45,4701.759693703555,2102.293500930363,493.2925960262223,61.906090770041374,0.0,23.58344869768095,4220.993868930142,1474.7364592775489,505.8466510334464,60.49809866029317,0.0,229.15744781454833,0.0
16,46,4726.527348808218,2159.0290923615366,493.2925960262223,61.906090770041374,0.0,23.58344869768095,4175.226478490237,1435.1717538719492,505.8466510334464,60.49809866029317,0.0,229.15744781454833,0.0
16,47,4751.295003912882,2215.76468379271,493.2925960262223,61.906090770041374,0.0,23.58344869768095,4129.459088050333,1395.6070484663494,505.8466510334464,60.49809866029317,0.0,229.15744781454833,0.0
16,48,4776.062659017545,2272.5002752238834,493.2925960262223,61.906090770041374,0.0,23.58344869768095,4083.6916976104276,1356.0423430607498,505.8466510334464,60.49809866029317,0.0,229.15744781454833,0.0
16,49,4800.830314122208,2329.235866655057,493.2925960262223,61.906090770041374,0.0,23.58344869768095,4037.924307170523,1316.47763765515,505.8466510334464,60.49809866029317,0.0,229.15744781454833,0.0
17,0,-4634.6019792296265,2101.2806896051875,-166.1166487840402,61.01634168151751,0.0,172.433875503471,-3555.01983007413,-2526.7960529103993,-167.6854635919544,63.01041149594746,0.0,341.3410806292836,0.0
17,1,-4626.567937884158,2040.7955829106054,-166.1166487840402,61.01634168151751,0.0,172.433875503471,-3575.178988309597,-2467.097474232796,-167.6854635919544,63.01041149594746,0.0,341.3410806292836,0.0
17,2,-4618.533896538689,1980.3104762160233,-166.1166487840402,61.01634168151751,0.0,172.433875503471,-3595.3381465450643,-2407.3988955551918,-167.6854635919544,63.01041149594746,0.0,341.3410806292836,0.0
17,3,-4610.49985519322,1919.8253695214412,-166.1166487840402,61.01634168151751,0.0,172.433875503471,-3615.4973047805315,-2347.7003168775886,-167.6854635919544,63.01041149594746,0.0,341.3410806292836,0.0
17,4,-4602.4658138477525,1859.340262826859,-166.1166487840402,61.01634168151751,0.0,172.433875503471,-3635.6564630159987,-2288.001738199985,-167.6854635919544,63.01041149594746,0.0,341.3410806292836,0.0
17,5,-4594.431772502284,1798.8551561322765,-166.1166487840402,61.01634168151751,0.0,172.433875503471,-3655.815621251466,-2228.303159522382,-167.6854635919544,63.01041149594746,0.0,341.3410806292836,0.0
17,6,-4586.397731156815,1738.3700494376944,-166.1166487840402,61.01634168151751,0.0,172.433875503471,-3675.9747794869327,-2168.604580844778,-167.6854635919544,63.01041149594746,0.0,341.3410806292836,0.0
17,7,-4578.363689811346,1677.8849427431123,-166.1166487840402,61.01634168151751,0.0,172.433875503471,-3696.1339377224003,-2108.9060021671744,-167.6854635919544,63.01041149594746,0.0,341.3410806292836,0.0
17,8,-4570.329648465879,1617.39983604853,-166.1166487840402,61.01634168151751,0.0,172.433875503471,-3716.293095957867,-2049.207423489571,-167.6854635919544,63.01041149594746,0.0,341.3410806292836,0.0
17,9,-4562.29560712041,1556.914729353948,-166.1166487840402,61.01634168151751,0.0,172.433875503471,-3736.4522541933343,-1989.508844811967,-167.6854635919544,63.01041149594746,0.0,341.3410806292836,0.0
17,10,-4554.261565774941,1496.4296226593656,-166.1166487840402,61.01634168151751,0.0,172.433875503471,-3756.6114124288015,-1929.8102661343637,-167.6854635919544,63.01041149594746,0.0,341.3410806292836,0.0
17,11,-4546.227524429472,1435.9445159647832,-166.1166487840402,61.01634168151751,0.0,172.433875503471,-3776.7705706642687,-1870.1116874567601,-167.6854635919544,63.01041149594746,0.0,341.3410806292836,0.0
17,12,-4538.193483084005,1375.4594092702011,-166.1166487840402,61.01634168151751,0.0,172.433875503471,-3796.929728899736,-1810.4131087791566,-167.6854635919544,63.01041149594746,0.0,341.3410806292836,0.0
17,13,-4530.159441738536,1314.974302575619,-166.1166487840402,61.01634168151751,0.0,172.433875503471,-3817.088887135203,-1750.714530101553,-167.6854635919544,63.01041149594746,0.0,341.3410806292836,0.0
17,14,-4522.125400393067,1254.4891958810367,-166.1166487840402,61.01634168151751,0.0,172.433875503471,-3837.2480453706703,-1691.0159514239494,-167.6854635919544,63.01041149594746,0.0,341.3410806292836,0.0
17,15,-4514.091359047598,1194.0040891864546,-166.1166487840402,61.01634168151751,0.0,172.433875503471,-3857.4072036061375,-1631.3173727463459,-167.6854635919544,63.01041149594746,0.0,341.3410806292836,0.0
17,16,-4506.057317702131,1133.5189824918723,-166.1166487840402,61.01634168151751,0.0,172.433875503471,-3877.5663618416047,-1571.618794068742,-167.6854635919544,63.01041149594746,0.0,341.3410806292836,0.0
17,17,-4498.023276356662,1073.03387579729,-166.1166487840402,61.01634168151751,0.0,172.433875503471,-3897.725520077072,-1511.9202153911385,-167.6854635919544,63.01041149594746,0.0,341.3410806292836,0.0
17,18,-4489.989235011193,1012.5487691027079,-166.1166487840402,61.01634168151751,0.0,172.433875503471,-3917.884678312539,-1452.2216367135352,-167.6854635919544,63.01041149594746,0.0,341.3410806292836,0.0
17,19,-4481.955193665724,952.0636624081258,-166.1166487840402,61.01634168151751,0.0,172.433875503471,-3938.043836548006,-1392.5230580359314,-167.6854635919544,63.01041149594746,0.0,341.3410806292836,0.0
17,20,-4473.921152320256,891.5785557135434,-166.1166487840402,61.01634168151751,0.0,172.433875503471,-3958.202994783473,-1332.8244793583278,-167.6854635919544,63.01041149594746,0.0,341.3410806292836,0.0
17,21,-4465.887110974788,831.0934490189613,-166.1166487840402,61.01634168151751,0.0,172.433875503471,-3978.3621530189403,-1273.1259006807245,-167.6854635919544,63.01041149594746,0.0,341.3410806292836,0.0
17,22,-4457.853069629319,770.608342324379,-166.1166487840402,61.01634168151751,0.0,172.433875503471,-3998.5213112544075,-1213.4273220031207,-167.6854635919544,63.01041149594746,0.0,341.3410806292836,0.0
17,23,-4449.8190282838505,710.1232356297969,-166.1166487840402,61.01634168151751,0.0,172.433875503471,-4018.6804694898747,-1153.728743325517,-167.6854635919544,63.01041149594746,0.0,341.3410806292836,0.0
17,24,-4441.784986938382,649.6381289352147,-166.1166487840402,61.01634168151751,0.0,172.433875503471,-4038.839627725342,-1094.0301646479134,-167.6854635919544,63.01041149594746,0.0,341.3410806292836,0.0
17,25,-4433.750945592914,589.1530222406324,-166.1166487840402,61.01634168151751,0.0,172.433875503471,-4058.998785960809,-1034.3315859703098,-167.6854635919544,63.01041149594746,0.0,341.3410806292836,0.0
17,26,-4425.716904247445,528.6679155460503,-166.1166487840402,61.01634168151751,0.0,172.433875503471,-4079.1579441962763,-974.6330072927063,-167.6854635919544,63.01041149594746,0.0,341.3410806292836,0.0
17,27,-4417.6828629019765,468.18280885146805,-166.1166487840402,61.01634168151751,0.0,172.433875503471,-4099.3171024317435,-914.9344286151027,-167.6854635919544,63.01041149594746,0.0,341.3410806292836,0.0
17,28,-4409.648821556508,407.6977021568857,-166.1166487840402,61.01634168151751,0.0,172.433875503471,-4119.47626066721,-855.2358499374991,-167.6854635919544,63.01041149594746,0.0,341.3410806292836,0.0
17,29,-4401.61478021104,347.2125954623036,-166.1166487840402,61.01634168151751,0.0,172.433875503471,-4139.635418902678,-795.5372712598955,-167.6854635919544,63.01041149594746,0.0,341.3410806292836,0.0
17,30,-4393.580738865571,286.7274887677214,-166.1166487840402,61.01634168151751,0.0,172.433875503471,-4159.794577138145,-735.8386925822921,-167.6854635919544,63.01041149594746,0.0,341.3410806292836,0.0
17,31,-4385.5466975201025,226.2423820731392,-166.1166487840402,61.01634168151751,0.0,172.433875503471,-4179.953735373612,-676.1401139046884,-167.6854635919544,63.01041149594746,0.0,341.3410806292836,0.0
17,32,-4377.512656174634,165.75727537855693,-166.1166487840402,61.01634168151751,0.0,172.433875503471,-4200.112893609079,-616.4415352270848,-167.6854635919544,63.01041149594746,0.0,341.3410806292836,0.0
17,33,-4369.478614829166,105.27216868397477,-166.1166487840402,61.01634168151751,0.0,172.433875503471,-4220.272051844547,-556.7429565494813,-167.6854635919544,63.01041149594746,0.0,341.3410806292836,0.0
17,34,-4361.444573483697,44.787061989392555,-166.1166487840402,61.01634168151751,0.0,172.433875503471,-4240.431210080013,-497.0443778718777,-167.6854635919544,63.01041149594746,0.0,341.3410806292836,0.0
17,35,-4353.4105321382285,-15.698044705189659,-166.1166487840402,61.01634168151751,0.0,172.433875503471,-4260.590368315481,-437.3457991942741,-167.6854635919544,63.01041149594746,0.0,341.3410806292836,0.0
17,36,-4345.37649079276,-76.18315139977187,-166.1166487840402,61.01634168151751,0.0,172.433875503471,-4280.749526550948,-377.64722051667053,-167.6854635919544,63.01041149594746,0.0,341.3410806292836,0.0
17,37,-4337.342449447292,-136.6682580943541,-166.1166487840402,61.01634168151751,0.0,172.433875503471,-4300.9086847864155,-317.9486418390669,-167.6854635919544,63.01041149594746,0.0,341.3410806292836,0.0
17,38,-4329.308408101823,-197.1533647889363,-166.1166487840402,61.01634168151751,0.0,172.433875503471,-4321.067843021882,-258.25006316146334,-167.6854635919544,63.01041149594746,0.0,341.3410806292836,0.0
17,39,-4321.2743667563545,-257.6384714835185,-166.1166487840402,61.01634168151751,0.0,172.433875503471,-4341.227001257349,-198.55148448385978,-167.6854635919544,63.01041149594746,0.0,341.3410806292836,0.0
17,40,-4313.240325410886,-318.12357817810073,-166.1166487840402,61.01634168151751,0.0,172.433875503471,-4361.386159492817,-138.8529058062562,-167.6854635919544,63.01041149594746,0.0,341.3410806292836,0.0
17,41,-4305.206284065417,-378.60868487268294,-166.1166487840402,61.01634168151751,0.0,172.433875503471,-4381.545317728283,-79.15432712865262,-167.6854635919544,63.01041149594746,0.0,341.3410806292836,0.0
17,42,-4297.172242719949,-439.09379156726516,-166.1166487840402,61.01634168151751,0.0,172.433875503471,-4401.704475963751,-19.455748451049033,-167.6854635919544,63.01041149594746,0.0,341.3410806292836,0.0
17,43,-4289.138201374481,-499.57889826184737,-166.1166487840402,61.01634168151751,0.0,172.433875503471,-4421.863634199218,40.24283022655453,-167.6854635919544,63.01041149594746,0.0,341.3410806292836,0.0
17,44,-4281.104160029012,-560.0640049564296,-166.1166487840402,61.01634168151751,0.0,172.433875503471,-4442.0227924346855,99.9414089041581,-167.6854635919544,63.01041149594746,0.0,341.3410806292836,0.0
17,45,-4273.070118683543,-620.5491116510118,-166.1166487840402,61.01634168151751,0.0,172.433875503471,-4462.181950670152,159.63998758176166,-167.6854635919544,63.01041149594746,0.0,341.3410806292836,0.0
17,46,-4265.036077338075,-681.0342183455939,-166.1166487840402,61.01634168151751,0.0,172.433875503471,-4482.34110890562,219.33856625936528,-167.6854635919544,63.01041149594746,0.0,341.3410806292836,0.0
17,47,-4257.002035992607,-741.5193250401762,-166.1166487840402,61.01634168151751,0.0,172.433875503471,-4502.500267141087,279.03714493696884,-167.6854635919544,63.01041149594746,0.0,341.3410806292836,0.0
17,48,-4248.967994647138,-802.0044317347584,-166.1166487840402,61.01634168151751,0.0,172.433875503471,-4522.659425376554,338.7357236145725,-167.6854635919544,63.01041149594746,0.0,341.3410806292836,0.0
17,49,-4240.933953301669,-862.4895384293407,-166.1166487840402,61.01634168151751,0.0,172.433875503471,-4542.818583612021,398.4343022921761,-167.6854635919544,63.01041149594746,0.0,341.3410806292836,0.0
18,0,-4833.321397204582,-1974.9175358776902,-305.0710618309881,63.9049038043622,0.0,93.37065698447265,-379.3098673353245,-3523.153498165985,-287.857856685163,63.396952403144034,0.0,305.48733728442085,0.0
18,1,-4769.527044428409,-1978.67483332584,-305.0710618309881,63.9049038043622,0.0,93.37065698447265,-430.93044513676386,-3486.3501080850147,-287.857856685163,63.396952403144034,0.0,305.48733728442085,0.0
18,2,-4705.732691652234,-1982.4321307739897,-305.0710618309881,63.9049038043622,0.0,93.37065698447265,-482.551022938203,-3449.546718004044,-287.857856685163,63.396952403144034,0.0,305.48733728442085,0.0
18,3,-4641.938338876061,-1986.1894282221397,-305.0710618309881,63.9049038043622,0.0,93.37065698447265,-534.1716007396424,-3412.7433279230745,-287.857856685163,63.396952403144034,0.0,305.48733728442085,0.0
18,4,-4578.143986099887,-1989.9467256702894,-305.0710618309881,63.9049038043622,0.0,93.37065698447265,-585.7921785410817,-3375.939937842104,-287.857856685163,63.396952403144034,0.0,305.48733728442085,0.0
18,5,-4514.349633323713,-1993.7040231184394,-305.0710618309881,63.9049038043622,0.0,93.37065698447265,-637.4127563425211,-3339.136547761134,-287.857856685163,63.396952403144034,0.0,305.48733728442085,0.0
18,6,-4450.55528054754,-1997.4613205665892,-305.0710618309881,63.9049038043622,0.0,93.37065698447265,-689.0333341439605,-3302.333157680164,-287.857856685163,63.396952403144034,0.0,305.48733728442085,0.0
18,7,-4386.7609277713655,-2001.218618014739,-305.0710618309881,63.9049038043622,0.0,93.37065698447265,-740.6539119453998,-3265.5297675991933,-287.857856685163,63.396952403144034,0.0,305.48733728442085,0.0
18,8,-4322.966574995192,-2004.975915462889,-305.0710618309881,63.9049038043622,0.0,93.37065698447265,-792.274489746839,-3228.7263775182228,-287.857856685163,63.396952403144034,0.0,305.48733728442085,0.0
18,9,-4259.172222219018,-2008.7332129110387,-305.0710618309881,63.9049038043622,0.0,93.37065698447265,-843.8950675482783,-3191.922987437253,-287.857856685163,63.396952403144034,0.0,305.48733728442085,0.0
18,10,-4195.377869442845,-2012.4905103591886,-305.0710618309881,63.9049038043622,0.0,93.37065698447265,-895.5156453497177,-3155.1195973562826,-287.857856685163,63.396952403144034,0.0,305.48733728442085,0.0
18,11,-4131.583516666671,-2016.2478078073384,-305.0710618309881,63.9049038043622,0.0,93.37065698447265,-947.1362231511571,-3118.3162072753125,-287.857856685163,63.396952403144034,0.0,305.48733728442085,0.0
18,12,-4067.7891638904966,-2020.0051052554882,-305.0710618309881,63.9049038043622,0.0,93.37065698447265,-998.7568009525964,-3081.5128171943425,-287.857856685163,63.396952403144034,0.0,305.48733728442085,0.0
18,13,-4003.994811114323,-2023.7624027036381,-305.0710618309881,63.9049038043622,0.0,93.37065698447265,-1050.3773787540358,-3044.709427113372,-287.857856685163,63.396952403144034,0.0,305.48733728442085,0.0
18,14,-3940.2004583381495,-2027.519700151788,-305.0710618309881,63.9049038043622,0.0,93.37065698447265,-1101.9979565554752,-3007.906037032402,-287.857856685163,63.396952403144034,0.0,305.48733728442085,0.0
18,15,-3876.4061055619754,-2031.2769975999379,-305.0710618309881,63.9049038043622,0.0,93.37065698447265,-1153.6185343569143,-2971.102646951432,-287.857856685163,63.396952403144034,0.0,305.48733728442085,0.0
18,16,-3812.6117527858014,-2035.0342950480876,-305.0710618309881,63.9049038043622,0.0,93.37065698447265,-1205.2391121583537,-2934.2992568704612,-287.857856685163,63.396952403144034,0.0,305.48733728442085,0.0
18,17,-3748.817400009628,-2038.7915924962374,-305.0710618309881,63.9049038043622,0.0,93.37065698447265,-1256.859689959793,-2897.4958667894907,-287.857856685163,63.396952403144034,0.0,305.48733728442085,0.0
18,18,-3685.0230472334542,-2042.5488899443874,-305.0710618309881,63.9049038043622,0.0,93.37065698447265,-1308.4802677612324,-2860.6924767085206,-287.857856685163,63.396952403144034,0.0,305.48733728442085,0.0
18,19,-3621.22869445728,-2046.3061873925371,-305.0710618309881,63.9049038043622,0.0,93.37065698447265,-1360.1008455626716,-2823.8890866275506,-287.857856685163,63.396952403144034,0.0,305.48733728442085,0.0
18,20,-3557.434341681106,-2050.063484840687,-305.0710618309881,63.9049038043622,0.0,93.37065698447265,-1411.7214233641112,-2787.08569654658,-287.857856685163,63.396952403144034,0.0,305.48733728442085,0.0
18,21,-3493.6399889049326,-2053.8207822888367,-305.0710618309881,63.9049038043622,0.0,93.37065698447265,-1463.3420011655503,-2750.28230646561,-287.857856685163,63.396952403144034,0.0,305.48733728442085,0.0
18,22,-3429.845636128759,-2057.5780797369866,-305.0710618309881,63.9049038043622,0.0,93.37065698447265,-1514.9625789669897,-2713.47891638464,-287.857856685163,63.396952403144034,0.0,305.48733728442085,0.0
18,23,-3366.0512833525854,-2061.3353771851366,-305.0710618309881,63.9049038043622,0.0,93.37065698447265,-1566.583156768429,-2676.6755263036694,-287.857856685163,63.396952403144034,0.0,305.48733728442085,0.0
18,24,-3302.2569305764114,-2065.0926746332866,-305.0710618309881,63.9049038043622,0.0,93.37065698447265,-1618.2037345698684,-2639.8721362226993,-287.857856685163,63.396952403144034,0.0,305.48733728442085,0.0
18,25,-3238.4625778002373,-2068.849972081436,-305.0710618309881,63.9049038043622,0.0,93.37065698447265,-1669.8243123713078,-2603.068746141729,-287.857856685163,63.396952403144034,0.0,305.48733728442085,0.0
18,26,-3174.6682250240638,-2072.607269529586,-305.0710618309881,63.9049038043622,0.0,93.37065698447265,-1721.444890172747,-2566.2653560607587,-287.857856685163,63.396952403144034,0.0,305.48733728442085,0.0
18,27,-3110.87387224789,-2076.364566977736,-305.0710618309881,63.9049038043622,0.0,93.37065698447265,-1773.0654679741865,-2529.4619659797886,-287.857856685163,63.396952403144034,0.0,305.48733728442085,0.0
18,28,-3047.079519471716,-2080.1218644258856,-305.0710618309881,63.9049038043622,0.0,93.37065698447265,-1824.6860457756256,-2492.6585758988185,-287.857856685163,63.396952403144034,0.0,305.48733728442085,0.0
18,29,-2983.285166695542,-2083.8791618740356,-305.0710618309881,63.9049038043622,0.0,93.37065698447265,-1876.306623577065,-2455.855185817848,-287.857856685163,63.396952403144034,0.0,305.48733728442085,0.0
18,30,-2919.4908139193685,-2087.6364593221856,-305.0710618309881,63.9049038043622,0.0,93.37065698447265,-1927.9272013785044,-2419.051795736878,-287.857856685163,63.396952403144034,0.0,305.48733728442085,0.0
18,31,-2855.696461143195,-2091.393756770335,-305.0710618309881,63.9049038043622,0.0,93.37065698447265,-1979.5477791799435,-2382.248405655908,-287.857856685163,63.396952403144034,0.0,305.48733728442085,0.0
18,32,-2791.902108367021,-2095.151054218485,-305.0710618309881,63.9049038043622,0.0,93.37065698447265,-2031.1683569813829,-2345.4450155749373,-287.857856685163,63.396952403144034,0.0,305.48733728442085,0.0
18,33,-2728.1077555908473,-2098.908351666635,-305.0710618309881,63.9049038043622,0.0,93.37065698447265,-2082.7889347828223,-2308.6416254939672,-287.857856685163,63.396952403144034,0.0,305.48733728442085,0.0
18,34,-2664.3134028146733,-2102.665649114785,-305.0710618309881,63.9049038043622,0.0,93.37065698447265,-2134.4095125842614,-2271.838235412997,-287.857856685163,63.396952403144034,0.0,305.48733728442085,0.0
18,35,-2600.5190500384997,-2106.4229465629346,-305.0710618309881,63.9049038043622,0.0,93.37065698447265,-2186.030090385701,-2235.0348453320266,-287.857856685163,63.396952403144034,0.0,305.48733728442085,0.0
18,36,-2536.7246972623257,-2110.1802440110846,-305.0710618309881,63.9049038043622,0.0,93.37065698447265,-2237.65066818714,-2198.2314552510566,-287.857856685163,63.396952403144034,0.0,305.48733728442085,0.0
18,37,-2472.930344486152,-2113.9375414592346,-305.0710618309881,63.9049038043622,0.0,93.37065698447265,-2289.2712459885797,-2161.4280651700865,-287.857856685163,63.396952403144034,0.0,305.48733728442085,0.0
18,38,-2409.135991709978,-2117.694838907384,-305.0710618309881,63.9049038043622,0.0,93.37065698447265,-2340.891823790019,-2124.624675089116,-287.857856685163,63.396952403144034,0.0,305.48733728442085,0.0
18,39,-2345.3416389338045,-2121.452136355534,-305.0710618309881,63.9049038043622,0.0,93.37065698447265,-2392.5124015914585,-2087.821285008146,-287.857856685163,63.396952403144034,0.0,305.48733728442085,0.0
18,40,-2281.547286157631,-2125.209433803684,-305.0710618309881,63.9049038043622,0.0,93.37065698447265,-2444.1329793928976,-2051.0178949271753,-287.857856685163,63.396952403144034,0.0,305.48733728442085,0.0
18,41,-2217.752933381457,-2128.9667312518336,-305.0710618309881,63.9049038043622,0.0,93.37065698447265,-2495.7535571943367,-2014.2145048462053,-287.857856685163,63.396952403144034,0.0,305.48733728442085,0.0
18,42,-2153.9585806052833,-2132.7240286999836,-305.0710618309881,63.9049038043622,0.0,93.37065698447265,-2547.3741349957763,-1977.4111147652352,-287.857856685163,63.396952403144034,0.0,305.48733728442085,0.0
18,43,-2090.164227829109,-2136.4813261481336,-305.0710618309881,63.9049038043622,0.0,93.37065698447265,-2598.9947127972155,-1940.607724684265,-287.857856685163,63.396952403144034,0.0,305.48733728442085,0.0
18,44,-2026.3698750529356,-2140.238623596283,-305.0710618309881,63.9049038043622,0.0,93.37065698447265,-2650.615290598655,-1903.8043346032946,-287.857856685163,63.396952403144034,0.0,305.48733728442085,0.0
18,45,-1962.5755222767616,-2143.995921044433,-305.0710618309881,63.9049038043622,0.0,93.37065698447265,-2702.235868400094,-1867.0009445223243,-287.857856685163,63.396952403144034,0.0,305.48733728442085,0.0
18,46,-1898.781169500588,-2147.753218492583,-305.0710618309881,63.9049038043622,0.0,93.37065698447265,-2753.856446201534,-1830.1975544413542,-287.857856685163,63.396952403144034,0.0,305.48733728442085,0.0
18,47,-1834.986816724414,-2151.510515940733,-305.0710618309881,63.9049038043622,0.0,93.37065698447265,-2805.477024002973,-1793.394164360384,-287.857856685163,63.396952403144034,0.0,305.48733728442085,0.0
18,48,-1771.1924639482404,-2155.2678133888826,-305.0710618309881,63.9049038043622,0.0,93.37065698447265,-2857.097601804412,-1756.5907742794138,-287.857856685163,63.396952403144034,0.0,305.48733728442085,0.0
18,49,-1707.3981111720666,-2159.0251108370326,-305.0710618309881,63.9049038043622,0.0,93.37065698447265,-2908.7181796058517,-1719.7873841984433,-287.857856685163,63.396952403144034,0.0,305.48733728442085,0.0
19,0,1595.7057147173073,-5784.305933404861,151.9168306563082,67.4415778106728,0.0,60.583749406828204,4871.889989333947,-2258.9776908202793,126.37007853561215,62.75786240045561,0.0,203.7995185013084,0.0
19,1,1654.452356276961,-5751.181946279899,151.9168306563082,67.4415778106728,0.0,60.583749406828204,4846.564831704287,-2316.39881658517,126.37007853561215,62.75786240045561,0.0,203.7995185013084,0.0
19,2,1713.1989978366137,-5718.057959154937,151.9168306563082,67.4415778106728,0.0,60.583749406828204,4821.239674074627,-2373.819942350061,126.37007853561215,62.75786240045561,0.0,203.7995185013084,0.0
19,3,1771.9456393962669,-5684.933972029974,151.9168306563082,67.4415778106728,0.0,60.583749406828204,4795.914516444967,-2431.2410681149513,126.37007853561215,62.75786240045561,0.0,203.7995185013084,0.0
19,4,1830.6922809559196,-5651.809984905011,151.9168306563082,67.4415778106728,0.0,60.583749406828204,4770.589358815307,-2488.662193879842,126.37007853561215,62.75786240045561,0.0,203.7995185013084,0.0
19,5,1889.438922515573,-5618.685997780049,151.9168306563082,67.4415778106728,0.0,60.583749406828204,4745.264201185647,-2546.083319644733,126.37007853561215,62.75786240045561,0.0,203.7995185013084,0.0
19,6,1948.185564075226,-5585.562010655087,151.9168306563082,67.4415778106728,0.0,60.583749406828204,4719.939043555987,-2603.5044454096233,126.37007853561215,62.75786240045561,0.0,203.7995185013084,0.0
19,7,2006.9322056348788,-5552.438023530124,151.9168306563082,67.4415778106728,0.0,60.583749406828204,4694.6138859263265,-2660.925571174514,126.37007853561215,62.75786240045561,0.0,203.7995185013084,0.0
19,8,2065.678847194532,-5519.3140364051615,151.9168306563082,67.4415778106728,0.0,60.583749406828204,4669.288728296667,-2718.346696939405,126.37007853561215,62.75786240045561,0.0,203.7995185013084,0.0
19,9,2124.4254887541847,-5486.1900492802,151.9168306563082,67.4415778106728,0.0,60.583749406828204,4643.963570667007,-2775.767822704295,126.37007853561215,62.75786240045561,0.0,203.7995185013084,0.0
19,10,2183.172130313838,-5453.066062155237,151.9168306563082,67.4415778106728,0.0,60.583749406828204,4618.638413037346,-2833.188948469186,126.37007853561215,62.75786240045561,0.0,203.7995185013084,0.0
19,11,2241.918771873491,-5419.942075030274,151.9168306563082,67.4415778106728,0.0,60.583749406828204,4593.3132554076865,-2890.610074234077,126.37007853561215,62.75786240045561,0.0,203.7995185013084,0.0
19,12,2300.665413433144,-5386.818087905312,151.9168306563082,67.4415778106728,0.0,60.583749406828204,4567.988097778027,-2948.031199998967,126.37007853561215,62.75786240045561,0.0,203.7995185013084,0.0
19,13,2359.4120549927975,-5353.694100780349,151.9168306563082,67.4415778106728,0.0,60.583749406828204,4542.662940148366,-3005.452325763858,126.37007853561215,62.75786240045561,0.0,203.7995185013084,0.0
19,14,2418.1586965524502,-5320.570113655387,151.9168306563082,67.4415778106728,0.0,60.583749406828204,4517.337782518706,-3062.873451528749,126.37007853561215,62.75786240045561,0.0,203.7995185013084,0.0
19,15,2476.905338112103,-5287.446126530424,151.9168306563082,67.4415778106728,0.0,60.583749406828204,4492.0126248890465,-3120.294577293639,126.37007853561215,62.75786240045561,0.0,203.7995185013084,0.0
19,16,2535.651979671756,-5254.322139405462,151.9168306563082,67.4415778106728,0.0,60.583749406828204,4466.687467259386,-3177.71570305853,126.37007853561215,62.75786240045561,0.0,203.7995185013084,0.0
19,17,2594.3986212314094,-5221.1981522805,151.9168306563082,67.4415778106728,0.0,60.583749406828204,4441.362309629726,-3235.1368288234207,126.37007853561215,62.75786240045561,0.0,203.7995185013084,0.0
19,18,2653.145262791062,-5188.074165155537,151.9168306563082,67.4415778106728,0.0,60.583749406828204,4416.037152000066,-3292.557954588311,126.37007853561215,62.75786240045561,0.0,203.7995185013084,0.0
19,19,2711.8919043507153,-5154.9501780305745,151.9168306563082,67.4415778106728,0.0,60.583749406828204,4390.711994370406,-3349.979080353202,126.37007853561215,62.75786240045561,0.0,203.7995185013084,0.0
19,20,2770.6385459103685,-5121.826190905612,151.9168306563082,67.4415778106728,0.0,60.583749406828204,4365.386836740746,-3407.4002061180927,126.37007853561215,62.75786240045561,0.0,203.7995185013084,0.0
19,21,2829.3851874700213,-5088.702203780649,151.9168306563082,67.4415778106728,0.0,60.583749406828204,4340.061679111086,-3464.821331882983,126.37007853561215,62.75786240045561,0.0,203.7995185013084,0.0
19,22,2888.1318290296745,-5055.578216655687,151.9168306563082,67.4415778106728,0.0,60.583749406828204,4314.736521481425,-3522.242457647874,126.37007853561215,62.75786240045561,0.0,203.7995185013084,0.0
19,23,2946.8784705893277,-5022.454229530725,151.9168306563082,67.4415778106728,0.0,60.583749406828204,4289.411363851766,-3579.6635834127646,126.37007853561215,62.75786240045561,0.0,203.7995185013084,0.0
19,24,3005.6251121489804,-4989.330242405762,151.9168306563082,67.4415778106728,0.0,60.583749406828204,4264.086206222106,-3637.084709177655,126.37007853561215,62.75786240045561,0.0,203.7995185013084,0.0
19,25,3064.3717537086336,-4956.206255280799,151.9168306563082,67.4415778106728,0.0,60.583749406828204,4238.761048592445,-3694.505834942546,126.37007853561215,62.75786240045561,0.0,203.7995185013084,0.0
19,26,3123.118395268287,-4923.0822681558375,151.9168306563082,67.4415778106728,0.0,60.583749406828204,4213.435890962785,-3751.9269607074366,126.37007853561215,62.75786240045561,0.0,203.7995185013084,0.0
19,27,3181.8650368279395,-4889.958281030875,151.9168306563082,67.4415778106728,0.0,60.583749406828204,4188.110733333126,-3809.348086472327,126.37007853561215,62.75786240045561,0.0,203.7995185013084,0.0
19,28,3240.6116783875927,-4856.834293905912,151.9168306563082,67.4415778106728,0.0,60.583749406828204,4162.785575703465,-3866.7692122372177,126.37007853561215,62.75786240045561,0.0,203.7995185013084,0.0
19,29,3299.358319947246,-4823.710306780949,151.9168306563082,67.4415778106728,0.0,60.583749406828204,4137.460418073805,-3924.1903380021085,126.37007853561215,62.75786240045561,0.0,203.7995185013084,0.0
19,30,3358.1049615068987,-4790.586319655988,151.9168306563082,67.4415778106728,0.0,60.583749406828204,4112.135260444145,-3981.611463766999,126.37007853561215,62.75786240045561,0.0,203.7995185013084,0.0
19,31,3416.851603066552,-4757.462332531025,151.9168306563082,67.4415778106728,0.0,60.583749406828204,4086.810102814485,-4039.0325895318897,126.37007853561215,62.75786240045561,0.0,203.7995185013084,0.0
19,32,3475.598244626205,-4724.338345406062,151.9168306563082,67.4415778106728,0.0,60.583749406828204,4061.484945184825,-4096.4537152967805,126.37007853561215,62.75786240045561,0.0,203.7995185013084,0.0
19,33,3534.344886185858,-4691.2143582810995,151.9168306563082,67.4415778106728,0.0,60.583749406828204,4036.159787555165,-4153.874841061671,126.37007853561215,62.75786240045561,0.0,203.7995185013084,0.0
19,34,3593.091527745511,-4658.090371156138,151.9168306563082,67.4415778106728,0.0,60.583749406828204,4010.834629925505,-4211.295966826562,126.37007853561215,62.75786240045561,0.0,203.7995185013084,0.0
19,35,3651.838169305164,-4624.966384031175,151.9168306563082,67.4415778106728,0.0,60.583749406828204,3985.5094722958447,-4268.7170925914525,126.37007853561215,62.75786240045561,0.0,203.7995185013084,0.0
19,36,3710.584810864817,-4591.842396906212,151.9168306563082,67.4415778106728,0.0,60.583749406828204,3960.184314666185,-4326.138218356343,126.37007853561215,62.75786240045561,0.0,203.7995185013084,0.0
19,37,3769.33145242447,-4558.71840978125,151.9168306563082,67.4415778106728,0.0,60.583749406828204,3934.8591570365247,-4383.559344121234,126.37007853561215,62.75786240045561,0.0,203.7995185013084,0.0
19,38,3828.078093984123,-4525.594422656288,151.9168306563082,67.4415778106728,0.0,60.583749406828204,3909.5339994068645,-4440.980469886124,126.37007853561215,62.75786240045561,0.0,203.7995185013084,0.0
19,39,3886.824735543776,-4492.470435531325,151.9168306563082,67.4415778106728,0.0,60.583749406828204,3884.2088417772047,-4498.401595651015,126.37007853561215,62.75786240045561,0.0,203.7995185013084,0.0
19,40,3945.5713771034293,-4459.3464484063625,151.9168306563082,67.4415778106728,0.0,60.583749406828204,3858.8836841475445,-4555.822721415906,126.37007853561215,62.75786240045561,0.0,203.7995185013084,0.0
19,41,4004.318018663082,-4426.222461281401,151.9168306563082,67.4415778106728,0.0,60.583749406828204,3833.5585265178843,-4613.243847180796,126.37007853561215,62.75786240045561,0.0,203.7995185013084,0.0
19,42,4063.0646602227353,-4393.098474156438,151.9168306563082,67.4415778106728,0.0,60.583749406828204,3808.2333688882245,-4670.664972945687,126.37007853561215,62.75786240045561,0.0,203.7995185013084,0.0
19,43,4121.811301782388,-4359.974487031475,151.9168306563082,67.4415778106728,0.0,60.583749406828204,3782.9082112585643,-4728.086098710578,126.37007853561215,62.75786240045561,0.0,203.7995185013084,0.0
19,44,4180.557943342042,-4326.850499906513,151.9168306563082,67.4415778106728,0.0,60.583749406828204,3757.583053628904,-4785.507224475468,126.37007853561215,62.75786240045561,0.0,203.7995185013084,0.0
19,45,4239.304584901694,-4293.726512781551,151.9168306563082,67.4415778106728,0.0,60.583749406828204,3732.2578959992443,-4842.928350240359,126.37007853561215,62.75786240045561,0.0,203.7995185013084,0.0
19,46,4298.051226461347,-4260.602525656588,151.9168306563082,67.4415778106728,0.0,60.583749406828204,3706.932738369584,-4900.34947600525,126.37007853561215,62.75786240045561,0.0,203.7995185013084,0.0
19,47,4356.797868021001,-4227.478538531625,151.9168306563082,67.4415778106728,0.0,60.583749406828204,3681.6075807399243,-4957.77060177014,126.37007853561215,62.75786240045561,0.0,203.7995185013084,0.0
19,48,4415.5445095806535,-4194.354551406663,151.9168306563082,67.4415778106728,0.0,60.583749406828204,3656.282423110264,-5015.191727535031,126.37007853561215,62.75786240045561,0.0,203.7995185013084,0.0
19,49,4474.291151140306,-4161.230564281701,151.9168306563082,67.4415778106728,0.0,60.583749406828204,3630.957265480604,-5072.612853299922,126.37007853561215,62.75786240045561,0.0,203.7995185013084,0.0
20,0,-2136.0515183844514,-3961.634051107271,431.2746086469458,63.213446043595106,0.0,77.40854264530694,370.64046823213346,-744.9848540715643,424.8378953040758,68.94420866295063,0.0,182.15164079866452,0.0
20,1,-2074.35840150643,-3947.8536632106525,431.2746086469458,63.213446043595106,0.0,77.40854264530694,368.0519999499964,-813.8804543673227,424.8378953040758,68.94420866295063,0.0,182.15164079866452,0.0
20,2,-2012.6652846284082,-3934.0732753140337,431.2746086469458,63.213446043595106,0.0,77.40854264530694,365.4635316678593,-882.7760546630802,424.8378953040758,68.94420866295063,0.0,182.15164079866452,0.0
20,3,-1950.9721677503862,-3920.2928874174154,431.2746086469458,63.213446043595106,0.0,77.40854264530694,362.8750633857221,-951.6716549588377,424.8378953040758,68.94420866295063,0.0,182.15164079866452,0.0
20,4,-1889.2790508723647,-3906.512499520797,431.2746086469458,63.213446043595106,0.0,77.40854264530694,360.28659510358506,-1020.5672552545961,424.8378953040758,68.94420866295063,0.0,182.15164079866452,0.0
20,5,-1827.5859339943431,-3892.7321116241787,431.2746086469458,63.213446043595106,0.0,77.40854264530694,357.6981268214479,-1089.462855550354,424.8378953040758,68.94420866295063,0.0,182.15164079866452,0.0
20,6,-1765.8928171163216,-3878.9517237275604,431.2746086469458,63.213446043595106,0.0,77.40854264530694,355.1096585393109,-1158.3584558461125,424.8378953040758,68.94420866295063,0.0,182.15164079866452,0.0
20,7,-1704.1997002382998,-3865.171335830942,431.2746086469458,63.213446043595106,0.0,77.40854264530694,352.5211902571737,-1227.25405614187,424.8378953040758,68.94420866295063,0.0,182.15164079866452,0.0
20,8,-1642.5065833602782,-3851.390947934324,431.2746086469458,63.213446043595106,0.0,77.40854264530694,349.93272197503654,-1296.149656437628,424.8378953040758,68.94420866295063,0.0,182.15164079866452,0.0
20,9,-1580.8134664822564,-3837.610560037705,431.2746086469458,63.213446043595106,0.0,77.40854264530694,347.34425369289954,-1365.0452567333864,424.8378953040758,68.94420866295063,0.0,182.15164079866452,0.0
20,10,-1519.1203496042347,-3823.8301721410867,431.2746086469458,63.213446043595106,0.0,77.40854264530694,344.7557854107624,-1433.940857029144,424.8378953040758,68.94420866295063,0.0,182.15164079866452,0.0
20,11,-1457.4272327262129,-3810.0497842444684,431.2746086469458,63.213446043595106,0.0,77.40854264530694,342.16731712862537,-1502.836457324902,424.8378953040758,68.94420866295063,0.0,182.15164079866452,0.0
20,12,-1395.7341158481913,-3796.26939634785,431.2746086469458,63.213446043595106,0.0,77.40854264530694,339.5788488464883,-1571.73205762066,424.8378953040758,68.94420866295063,0.0,182.15164079866452,0.0
20,13,-1334.0409989701698,-3782.4890084512317,431.2746086469458,63.213446043595106,0.0,77.40854264530694,336.99038056435114,-1640.6276579164178,424.8378953040758,68.94420866295063,0.0,182.15164079866452,0.0
20,14,-1272.347882092148,-3768.7086205546134,431.2746086469458,63.213446043595106,0.0,77.40854264530694,334.4019122822141,-1709.523258212176,424.8378953040758,68.94420866295063,0.0,182.15164079866452,0.0
20,15,-1210.6547652141264,-3754.928232657995,431.2746086469458,63.213446043595106,0.0,77.40854264530694,331.81344400007697,-1778.418858507934,424.8378953040758,68.94420866295063,0.0,182.15164079866452,0.0
20,16,-1148.9616483361046,-3741.1478447613763,431.2746086469458,63.213446043595106,0.0,77.40854264530694,329.22497571793986,-1847.314458803692,424.8378953040758,68.94420866295063,0.0,182.15164079866452,0.0
20,17,-1087.268531458083,-3727.367456864758,431.2746086469458,63.213446043595106,0.0,77.40854264530694,326.63650743580274,-1916.21005909945,424.8378953040758,68.94420866295063,0.0,182.15164079866452,0.0
20,18,-1025.5754145800613,-3713.5870689681396,431.2746086469458,63.213446043595106,0.0,77.40854264530694,324.0480391536656,-1985.1056593952078,424.8378953040758,68.94420866295063,0.0,182.15164079866452,0.0
20,19,-963.8822977020395,-3699.8066810715213,431.2746086469458,63.213446043595106,0.0,77.40854264530694,321.4595708715285,-2054.001259690966,424.8378953040758,68.94420866295063,0.0,182.15164079866452,0.0
20,20,-902.189180824018,-3686.026293174903,431.2746086469458,63.213446043595106,0.0,77.40854264530694,318.87110258939146,-2122.896859986724,424.8378953040758,68.94420866295063,0.0,182.15164079866452,0.0
20,21,-840.4960639459962,-3672.2459052782847,431.2746086469458,63.213446043595106,0.0,77.40854264530694,316.2826343072543,-2191.792460282482,424.8378953040758,68.94420866295063,0.0,182.15164079866452,0.0
20,22,-778.8029470679746,-3658.4655173816664,431.2746086469458,63.213446043595106,0.0,77.40854264530694,313.6941660251172,-2260.68806057824,424.8378953040758,68.94420866295063,0.0,182.15164079866452,0.0
20,23,-717.109830189953,-3644.6851294850476,431.2746086469458,63.213446043595106,0.0,77.40854264530694,311.1056977429801,-2329.5836608739983,424.8378953040758,68.94420866295063,0.0,182.15164079866452,0.0
20,24,-655.4167133119313,-3630.9047415884293,431.2746086469458,63.213446043595106,0.0,77.40854264530694,308.51722946084305,-2398.479261169756,424.8378953040758,68.94420866295063,0.0,182.15164079866452,0.0
20,25,-593.7235964339095,-3617.124353691811,431.2746086469458,63.213446043595106,0.0,77.40854264530694,305.9287611787059,-2467.374861465514,424.8378953040758,68.94420866295063,0.0,182.15164079866452,0.0
20,26,-532.030479555888,-3603.3439657951926,431.2746086469458,63.213446043595106,0.0,77.40854264530694,303.34029289656877,-2536.2704617612717,424.8378953040758,68.94420866295063,0.0,182.15164079866452,0.0
20,27,-470.3373626778663,-3589.5635778985743,431.2746086469458,63.213446043595106,0.0,77.40854264530694,300.7518246144317,-2605.16606205703,424.8378953040758,68.94420866295063,0.0,182.15164079866452,0.0
20,28,-408.6442457998446,-3575.783190001956,431.2746086469458,63.213446043595106,0.0,77.40854264530694,298.1633563322946,-2674.061662352788,424.8378953040758,68.94420866295063,0.0,182.15164079866452,0.0
20,29,-346.95112892182283,-3562.002802105337,431.2746086469458,63.213446043595106,0.0,77.40854264530694,295.5748880501575,-2742.957262648546,424.8378953040758,68.94420866295063,0.0,182.15164079866452,0.0
20,30,-285.25801204380116,-3548.222414208719,431.2746086469458,63.213446043595106,0.0,77.40854264530694,292.98641976802037,-2811.852862944304,424.8378953040758,68.94420866295063,0.0,182.15164079866452,0.0
20,31,-223.56489516577955,-3534.4420263121006,431.2746086469458,63.213446043595106,0.0,77.40854264530694,290.39795148588325,-2880.748463240062,424.8378953040758,68.94420866295063,0.0,182.15164079866452,0.0
20,32,-161.87177828775782,-3520.6616384154822,431.2746086469458,63.213446043595106,0.0,77.40854264530694,287.8094832037462,-2949.64406353582,424.8378953040758,68.94420866295063,0.0,182.15164079866452,0.0
20,33,-100.17866140973621,-3506.881250518864,431.2746086469458,63.213446043595106,0.0,77.40854264530694,285.2210149216091,-3018.539663831578,424.8378953040758,68.94420866295063,0.0,182.15164079866452,0.0
20,34,-38.48554453171448,-3493.1008626222456,431.2746086469458,63.213446043595106,0.0,77.40854264530694,282.63254663947197,-3087.435264127336,424.8378953040758,68.94420866295063,0.0,182.15164079866452,0.0
20,35,23.20757234630716,-3479.3204747256273,431.2746086469458,63.213446043595106,0.0,77.40854264530694,280.0440783573349,-3156.3308644230938,424.8378953040758,68.94420866295063,0.0,182.15164079866452,0.0
20,36,84.90068922432883,-3465.5400868290085,431.2746086469458,63.213446043595106,0.0,77.40854264530694,277.4556100751978,-3225.2264647188517,424.8378953040758,68.94420866295063,0.0,182.15164079866452,0.0
20,37,146.59380610235053,-3451.75969893239,431.2746086469458,63.213446043595106,0.0,77.40854264530694,274.8671417930607,-3294.1220650146097,424.8378953040758,68.94420866295063,0.0,182.15164079866452,0.0
20,38,208.2869229803722,-3437.979311035772,431.2746086469458,63.213446043595106,0.0,77.40854264530694,272.27867351092357,-3363.0176653103676,424.8378953040758,68.94420866295063,0.0,182.15164079866452,0.0
20,39,269.98003985839387,-3424.1989231391535,431.2746086469458,63.213446043595106,0.0,77.40854264530694,269.69020522878645,-3431.9132656061256,424.8378953040758,68.94420866295063,0.0,182.15164079866452,0.0
20,40,331.67315673641554,-3410.418535242535,431.2746086469458,63.213446043595106,0.0,77.40854264530694,267.10173694664934,-3500.8088659018836,424.8378953040758,68.94420866295063,0.0,182.15164079866452,0.0
20,41,393.3662736144372,-3396.638147345917,431.2746086469458,63.213446043595106,0.0,77.40854264530694,264.5132686645123,-3569.7044661976415,424.8378953040758,68.94420866295063,0.0,182.15164079866452,0.0
20,42,455.0593904924589,-3382.8577594492986,431.2746086469458,63.213446043595106,0.0,77.40854264530694,261.92480038237517,-3638.6000664933995,424.8378953040758,68.94420866295063,0.0,182.15164079866452,0.0
20,43,516.7525073704805,-3369.07737155268,431.2746086469458,63.213446043595106,0.0,77.40854264530694,259.33633210023805,-3707.4956667891574,424.8378953040758,68.94420866295063,0.0,182.15164079866452,0.0
20,44,578.4456242485022,-3355.2969836560615,431.2746086469458,63.213446043595106,0.0,77.40854264530694,256.74786381810094,-3776.391267084916,424.8378953040758,68.94420866295063,0.0,182.15164079866452,0.0
20,45,640.1387411265239,-3341.516595759443,431.2746086469458,63.213446043595106,0.0,77.40854264530694,254.15939553596382,-3845.2868673806734,424.8378953040758,68.94420866295063,0.0,182.15164079866452,0.0
20,46,701.8318580045456,-3327.736207862825,431.2746086469458,63.213446043595106,0.0,77.40854264530694,251.57092725382674,-3914.1824676764318,424.8378953040758,68.94420866295063,0.0,182.15164079866452,0.0
20,47,763.5249748825672,-3313.9558199662065,431.2746086469458,63.213446043595106,0.0,77.40854264530694,248.98245897168962,-3983.0780679721897,424.8378953040758,68.94420866295063,0.0,182.15164079866452,0.0
20,48,825.2180917605889,-3300.175432069588,431.2746086469458,63.213446043595106,0.0,77.40854264530694,246.39399068955254,-4051.9736682679477,424.8378953040758,68.94420866295063,0.0,182.15164079866452,0.0
20,49,886.9112086386106,-3286.39504417297,431.2746086469458,63.213446043595106,0.0,77.40854264530694,243.80552240741542,-4120.869268563705,424.8378953040758,68.94420866295063,0.0,182.15164079866452,0.0
21,0,6837.892349481966,-675.4118035561839,468.3012502941141,69.53787218414502,0.0,227.48111833950625,3257.148401575979,-4516.92194546387,469.2329802209818,67.78049047988712,0.0,398.22120707426166,0.0
21,1,6786.639136884282,-722.4078019636547,468.3012502941141,69.53787218414502,0.0,227.48111833950625,3299.084138490581,-4463.671697960939,469.2329802209818,67.78049047988712,0.0,398.22120707426166,0.0
21,2,6735.385924286597,-769.403800371126,468.3012502941141,69.53787218414502,0.0,227.48111833950625,3341.0198754051826,-4410.421450458009,469.2329802209818,67.78049047988712,0.0,398.22120707426166,0.0
21,3,6684.132711688912,-816.3997987785967,468.3012502941141,69.53787218414502,0.0,227.48111833950625,3382.9556123197844,-4357.171202955078,469.2329802209818,67.78049047988712,0.0,398.22120707426166,0.0
21,4,6632.879499091227,-863.395797186068,468.3012502941141,69.53787218414502,0.0,227.48111833950625,3424.8913492343863,-4303.920955452148,469.2329802209818,67.78049047988712,0.0,398.22120707426166,0.0
21,5,6581.626286493543,-910.3917955935387,468.3012502941141,69.53787218414502,0.0,227.48111833950625,3466.827086148988,-4250.670707949217,469.2329802209818,67.78049047988712,0.0,398.22120707426166,0.0
21,6,6530.373073895858,-957.3877940010098,468.3012502941141,69.53787218414502,0.0,227.48111833950625,3508.76282306359,-4197.420460446286,469.2329802209818,67.78049047988712,0.0,398.22120707426166,0.0
21,7,6479.119861298173,-1004.3837924084808,468.3012502941141,69.53787218414502,0.0,227.48111833950625,3550.698559978192,-4144.170212943355,469.2329802209818,67.78049047988712,0.0,398.22120707426166,0.0
21,8,6427.866648700488,-1051.3797908159515,468.3012502941141,69.53787218414502,0.0,227.48111833950625,3592.634296892794,-4090.9199654404247,469.2329802209818,67.78049047988712,0.0,398.22120707426166,0.0
21,9,6376.6134361028035,-1098.3757892234225,468.3012502941141,69.53787218414502,0.0,227.48111833950625,3634.5700338073957,-4037.669717937494,469.2329802209818,67.78049047988712,0.0,398.22120707426166,0.0
21,10,6325.3602235051185,-1145.3717876308936,468.3012502941141,69.53787218414502,0.0,227.48111833950625,3676.5057707219976,-3984.4194704345637,469.2329802209818,67.78049047988712,0.0,398.22120707426166,0.0
21,11,6274.1070109074335,-1192.3677860383646,468.3012502941141,69.53787218414502,0.0,227.48111833950625,3718.4415076365995,-3931.169222931633,469.2329802209818,67.78049047988712,0.0,398.22120707426166,0.0
21,12,6222.853798309749,-1239.3637844458353,468.3012502941141,69.53787218414502,0.0,227.48111833950625,3760.3772445512013,-3877.918975428702,469.2329802209818,67.78049047988712,0.0,398.22120707426166,0.0
21,13,6171.6005857120645,-1286.3597828533063,468.3012502941141,69.53787218414502,0.0,227.48111833950625,3802.312981465803,-3824.6687279257717,469.2329802209818,67.78049047988712,0.0,398.22120707426166,0.0
21,14,6120.3473731143795,-1333.3557812607773,468.3012502941141,69.53787218414502,0.0,227.48111833950625,3844.248718380405,-3771.4184804228407,469.2329802209818,67.78049047988712,0.0,398.22120707426166,0.0
21,15,6069.0941605166945,-1380.3517796682484,468.3012502941141,69.53787218414502,0.0,227.48111833950625,3886.1844552950065,-3718.16823291991,469.2329802209818,67.78049047988712,0.0,398.22120707426166,0.0
21,16,6017.84094791901,-1427.3477780757194,468.3012502941141,69.53787218414502,0.0,227.48111833950625,3928.1201922096084,-3664.9179854169797,469.2329802209818,67.78049047988712,0.0,398.22120707426166,0.0
21,17,5966.587735321325,-1474.3437764831904,468.3012502941141,69.53787218414502,0.0,227.48111833950625,3970.0559291242107,-3611.667737914049,469.2329802209818,67.78049047988712,0.0,398.22120707426166,0.0
21,18,5915.3345227236405,-1521.3397748906614,468.3012502941141,69.53787218414502,0.0,227.48111833950625,4011.9916660388126,-3558.4174904111187,469.2329802209818,67.78049047988712,0.0,398.22120707426166,0.0
21,19,5864.0813101259555,-1568.3357732981322,468.3012502941141,69.53787218414502,0.0,227.48111833950625,4053.9274029534145,-3505.167242908188,469.2329802209818,67.78049047988712,0.0,398.22120707426166,0.0
21,20,5812.8280975282705,-1615.331771705603,468.3012502941141,69.53787218414502,0.0,227.48111833950625,4095.8631398680163,-3451.9169954052572,469.2329802209818,67.78049047988712,0.0,398.22120707426166,0.0
21,21,5761.5748849305855,-1662.3277701130742,468.3012502941141,69.53787218414502,0.0,227.48111833950625,4137.798876782617,-3398.6667479023267,469.2329802209818,67.78049047988712,0.0,398.22120707426166,0.0
21,22,5710.3216723329015,-1709.323768520545,468.3012502941141,69.53787218414502,0.0,227.48111833950625,4179.734613697219,-3345.416500399396,469.2329802209818,67.78049047988712,0.0,398.22120707426166,0.0
21,23,5659.0684597352165,-1756.3197669280162,468.3012502941141,69.53787218414502,0.0,227.48111833950625,4221.670350611821,-3292.1662528964657,469.2329802209818,67.78049047988712,0.0,398.22120707426166,0.0
21,24,5607.8152471375315,-1803.315765335487,468.3012502941141,69.53787218414502,0.0,227.48111833950625,4263.606087526423,-3238.9160053935348,469.2329802209818,67.78049047988712,0.0,398.22120707426166,0.0
21,25,5556.5620345398465,-1850.311763742958,468.3012502941141,69.53787218414502,0.0,227.48111833950625,4305.541824441025,-3185.6657578906043,469.2329802209818,67.78049047988712,0.0,398.22120707426166,0.0
21,26,5505.3088219421625,-1897.307762150429,468.3012502941141,69.53787218414502,0.0,227.48111833950625,4347.477561355627,-3132.4155103876737,469.2329802209818,67.78049047988712,0.0,398.22120707426166,0.0
21,27,5454.0556093444775,-1944.3037605578997,468.3012502941141,69.53787218414502,0.0,227.48111833950625,4389.413298270229,-3079.1652628847432,469.2329802209818,67.78049047988712,0.0,398.22120707426166,0.0
21,28,5402.8023967467925,-1991.299758965371,468.3012502941141,69.53787218414502,0.0,227.48111833950625,4431.34903518483,-3025.9150153818127,469.2329802209818,67.78049047988712,0.0,398.22120707426166,0.0
21,29,5351.5491841491075,-2038.2957573728418,468.3012502941141,69.53787218414502,0.0,227.48111833950625,4473.284772099432,-2972.664767878882,469.2329802209818,67.78049047988712,0.0,398.22120707426166,0.0
21,30,5300.295971551423,-2085.2917557803125,468.3012502941141,69.53787218414502,0.0,227.48111833950625,4515.220509014034,-2919.4145203759513,469.2329802209818,67.78049047988712,0.0,398.22120707426166,0.0
21,31,5249.042758953738,-2132.287754187784,468.3012502941141,69.53787218414502,0.0,227.48111833950625,4557.156245928636,-2866.1642728730208,469.2329802209818,67.78049047988712,0.0,398.22120707426166,0.0
21,32,5197.7895463560535,-2179.2837525952546,468.3012502941141,69.53787218414502,0.0,227.48111833950625,4599.091982843238,-2812.9140253700903,469.2329802209818,67.78049047988712,0.0,398.22120707426166,0.0
21,33,5146.5363337583685,-2226.279751002726,468.3012502941141,69.53787218414502,0.0,227.48111833950625,4641.02771975784,-2759.6637778671598,469.2329802209818,67.78049047988712,0.0,398.22120707426166,0.0
21,34,5095.283121160684,-2273.2757494101966,468.3012502941141,69.53787218414502,0.0,227.48111833950625,4682.963456672442,-2706.413530364229,469.2329802209818,67.78049047988712,0.0,398.22120707426166,0.0
21,35,5044.029908562999,-2320.2717478176673,468.3012502941141,69.53787218414502,0.0,227.48111833950625,4724.899193587044,-2653.1632828612983,469.2329802209818,67.78049047988712,0.0,398.22120707426166,0.0
21,36,4992.776695965314,-2367.2677462251386,468.3012502941141,69.53787218414502,0.0,227.48111833950625,4766.834930501645,-2599.913035358368,469.2329802209818,67.78049047988712,0.0,398.22120707426166,0.0
21,37,4941.5234833676295,-2414.2637446326094,468.3012502941141,69.53787218414502,0.0,227.48111833950625,4808.770667416247,-2546.6627878554373,469.2329802209818,67.78049047988712,0.0,398.22120707426166,0.0
21,38,4890.270270769945,-2461.2597430400806,468.3012502941141,69.53787218414502,0.0,227.48111833950625,4850.706404330849,-2493.4125403525063,469.2329802209818,67.78049047988712,0.0,398.22120707426166,0.0
21,39,4839.01705817226,-2508.2557414475514,468.3012502941141,69.53787218414502,0.0,227.48111833950625,4892.642141245451,-2440.162292849576,469.2329802209818,67.78049047988712,0.0,398.22120707426166,0.0
21,40,4787.763845574575,-2555.251739855022,468.3012502941141,69.53787218414502,0.0,227.48111833950625,4934.577878160053,-2386.9120453466453,469.2329802209818,67.78049047988712,0.0,398.22120707426166,0.0
21,41,4736.51063297689,-2602.2477382624934,468.3012502941141,69.53787218414502,0.0,227.48111833950625,4976.513615074655,-2333.661797843715,469.2329802209818,67.78049047988712,0.0,398.22120707426166,0.0
21,42,4685.2574203792055,-2649.243736669964,468.3012502941141,69.53787218414502,0.0,227.48111833950625,5018.449351989257,-2280.411550340784,469.2329802209818,67.78049047988712,0.0,398.22120707426166,0.0
21,43,4634.004207781521,-2696.2397350774354,468.3012502941141,69.53787218414502,0.0,227.48111833950625,5060.385088903859,-2227.1613028378533,469.2329802209818,67.78049047988712,0.0,398.22120707426166,0.0
21,44,4582.750995183836,-2743.235733484906,468.3012502941141,69.53787218414502,0.0,227.48111833950625,5102.32082581846,-2173.911055334923,469.2329802209818,67.78049047988712,0.0,398.22120707426166,0.0
21,45,4531.497782586151,-2790.231731892377,468.3012502941141,69.53787218414502,0.0,227.48111833950625,5144.256562733062,-2120.6608078319923,469.2329802209818,67.78049047988712,0.0,398.22120707426166,0.0
21,46,4480.244569988466,-2837.227730299848,468.3012502941141,69.53787218414502,0.0,227.48111833950625,5186.192299647664,-2067.410560329062,469.2329802209818,67.78049047988712,0.0,398.22120707426166,0.0
21,47,4428.991357390782,-2884.223728707319,468.3012502941141,69.53787218414502,0.0,227.48111833950625,5228.128036562266,-2014.160312826131,469.2329802209818,67.78049047988712,0.0,398.22120707426166,0.0
21,48,4377.738144793097,-2931.21972711479,468.3012502941141,69.53787218414502,0.0,227.48111833950625,5270.063773476868,-1960.9100653232003,469.2329802209818,67.78049047988712,0.0,398.22120707426166,0.0
21,49,4326.484932195412,-2978.215725522261,468.3012502941141,69.53787218414502,0.0,227.48111833950625,5311.99951039147,-1907.6598178202698,469.2329802209818,67.78049047988712,0.0,398.22120707426166,0.0
22,0,1204.7005654386085,-3417.166048835312,-379.83588496803657,61.41437043125275,0.0,93.86874173532448,4912.150689729,-1363.1460918802804,-394.26617414911067,66.50133314760473,0.0,210.7421693665839,0.0
22,1,1265.974987059993,-3421.309736858309,-379.83588496803657,61.41437043125275,0.0,93.86874173532448,4878.156829131459,-1420.302410446854,-394.26617414911067,66.50133314760473,0.0,210.7421693665839,0.0
22,2,1327.2494086813772,-3425.4534248813056,-379.83588496803657,61.41437043125275,0.0,93.86874173532448,4844.162968533918,-1477.4587290134277,-394.26617414911067,66.50133314760473,0.0,210.7421693665839,0.0
22,3,1388.5238303027618,-3429.597112904303,-379.83588496803657,61.41437043125275,0.0,93.86874173532448,4810.169107936375,-1534.615047580001,-394.26617414911067,66.50133314760473,0.0,210.7421693665839,0.0
22,4,1449.7982519241464,-3433.7408009273,-379.83588496803657,61.41437043125275,0.0,93.86874173532448,4776.175247338834,-1591.7713661465748,-394.26617414911067,66.50133314760473,0.0,210.7421693665839,0.0
22,5,1511.072673545531,-3437.884488950297,-379.83588496803657,61.41437043125275,0.0,93.86874173532448,4742.181386741293,-1648.927684713148,-394.26617414911067,66.50133314760473,0.0,210.7421693665839,0.0
22,6,1572.3470951669156,-3442.0281769732937,-379.83588496803657,61.41437043125275,0.0,93.86874173532448,4708.187526143751,-1706.0840032797212,-394.26617414911067,66.50133314760473,0.0,210.7421693665839,0.0
22,7,1633.6215167883001,-3446.171864996291,-379.83588496803657,61.41437043125275,0.0,93.86874173532448,4674.19366554621,-1763.2403218462946,-394.26617414911067,66.50133314760473,0.0,210.7421693665839,0.0
22,8,1694.895938409685,-3450.315553019288,-379.83588496803657,61.41437043125275,0.0,93.86874173532448,4640.199804948668,-1820.3966404128682,-394.26617414911067,66.50133314760473,0.0,210.7421693665839,0.0
22,9,1756.1703600310695,-3454.4592410422847,-379.83588496803657,61.41437043125275,0.0,93.86874173532448,4606.205944351126,-1877.5529589794414,-394.26617414911067,66.50133314760473,0.0,210.7421693665839,0.0
22,10,1817.444781652454,-3458.602929065282,-379.83588496803657,61.41437043125275,0.0,93.86874173532448,4572.212083753585,-1934.709277546015,-394.26617414911067,66.50133314760473,0.0,210.7421693665839,0.0
22,11,1878.7192032738385,-3462.746617088279,-379.83588496803657,61.41437043125275,0.0,93.86874173532448,4538.218223156044,-1991.8655961125883,-394.26617414911067,66.50133314760473,0.0,210.7421693665839,0.0
22,12,1939.993624895223,-3466.890305111276,-379.83588496803657,61.41437043125275,0.0,93.86874173532448,4504.2243625585015,-2049.021914679162,-394.26617414911067,66.50133314760473,0.0,210.7421693665839,0.0
22,13,2001.2680465166077,-3471.033993134273,-379.83588496803657,61.41437043125275,0.0,93.86874173532448,4470.23050196096,-2106.178233245735,-394.26617414911067,66.50133314760473,0.0,210.7421693665839,0.0
22,14,2062.5424681379927,-3475.17768115727,-379.83588496803657,61.41437043125275,0.0,93.86874173532448,4436.236641363419,-2163.3345518123087,-394.26617414911067,66.50133314760473,0.0,210.7421693665839,0.0
22,15,2123.816889759377,-3479.321369180267,-379.83588496803657,61.41437043125275,0.0,93.86874173532448,4402.242780765877,-2220.4908703788824,-394.26617414911067,66.50133314760473,0.0,210.7421693665839,0.0
22,16,2185.0913113807615,-3483.4650572032638,-379.83588496803657,61.41437043125275,0.0,93.86874173532448,4368.248920168336,-2277.647188945455,-394.26617414911067,66.50133314760473,0.0,210.7421693665839,0.0
22,17,2246.365733002146,-3487.608745226261,-379.83588496803657,61.41437043125275,0.0,93.86874173532448,4334.255059570794,-2334.803507512029,-394.26617414911067,66.50133314760473,0.0,210.7421693665839,0.0
22,18,2307.6401546235306,-3491.752433249258,-379.83588496803657,61.41437043125275,0.0,93.86874173532448,4300.261198973253,-2391.9598260786024,-394.26617414911067,66.50133314760473,0.0,210.7421693665839,0.0
22,19,2368.914576244915,-3495.896121272255,-379.83588496803657,61.41437043125275,0.0,93.86874173532448,4266.267338375711,-2449.1161446451756,-394.26617414911067,66.50133314760473,0.0,210.7421693665839,0.0
22,20,2430.1889978663003,-3500.039809295252,-379.83588496803657,61.41437043125275,0.0,93.86874173532448,4232.27347777817,-2506.2724632117493,-394.26617414911067,66.50133314760473,0.0,210.7421693665839,0.0
22,21,2491.4634194876844,-3504.183497318249,-379.83588496803657,61.41437043125275,0.0,93.86874173532448,4198.2796171806285,-2563.4287817783224,-394.26617414911067,66.50133314760473,0.0,210.7421693665839,0.0
22,22,2552.737841109069,-3508.327185341246,-379.83588496803657,61.41437043125275,0.0,93.86874173532448,4164.285756583086,-2620.585100344896,-394.26617414911067,66.50133314760473,0.0,210.7421693665839,0.0
22,23,2614.0122627304536,-3512.470873364243,-379.83588496803657,61.41437043125275,0.0,93.86874173532448,4130.291895985545,-2677.7414189114697,-394.26617414911067,66.50133314760473,0.0,210.7421693665839,0.0
22,24,2675.286684351838,-3516.61456138724,-379.83588496803657,61.41437043125275,0.0,93.86874173532448,4096.298035388004,-2734.897737478043,-394.26617414911067,66.50133314760473,0.0,210.7421693665839,0.0
22,25,2736.5611059732228,-3520.758249410237,-379.83588496803657,61.41437043125275,0.0,93.86874173532448,4062.304174790462,-2792.054056044616,-394.26617414911067,66.50133314760473,0.0,210.7421693665839,0.0
22,26,2797.8355275946074,-3524.9019374332343,-379.83588496803657,61.41437043125275,0.0,93.86874173532448,4028.3103141929205,-2849.2103746111898,-394.26617414911067,66.50133314760473,0.0,210.7421693665839,0.0
22,27,2859.109949215992,-3529.045625456231,-379.83588496803657,61.41437043125275,0.0,93.86874173532448,3994.3164535953792,-2906.3666931777634,-394.26617414911067,66.50133314760473,0.0,210.7421693665839,0.0
22,28,2920.3843708373765,-3533.189313479228,-379.83588496803657,61.41437043125275,0.0,93.86874173532448,3960.3225929978375,-2963.5230117443366,-394.26617414911067,66.50133314760473,0.0,210.7421693665839,0.0
22,29,2981.658792458761,-3537.333001502225,-379.83588496803657,61.41437043125275,0.0,93.86874173532448,3926.3287324002963,-3020.6793303109102,-394.26617414911067,66.50133314760473,0.0,210.7421693665839,0.0
22,30,3042.9332140801457,-3541.4766895252224,-379.83588496803657,61.41437043125275,0.0,93.86874173532448,3892.3348718027546,-3077.8356488774834,-394.26617414911067,66.50133314760473,0.0,210.7421693665839,0.0
22,31,3104.2076357015303,-3545.620377548219,-379.83588496803657,61.41437043125275,0.0,93.86874173532448,3858.3410112052134,-3134.991967444057,-394.26617414911067,66.50133314760473,0.0,210.7421693665839,0.0
22,32,3165.482057322915,-3549.764065571216,-379.83588496803657,61.41437043125275,0.0,93.86874173532448,3824.3471506076717,-3192.1482860106303,-394.26617414911067,66.50133314760473,0.0,210.7421693665839,0.0
22,33,3226.7564789442995,-3553.9077535942133,-379.83588496803657,61.41437043125275,0.0,93.86874173532448,3790.35329001013,-3249.304604577204,-394.26617414911067,66.50133314760473,0.0,210.7421693665839,0.0
22,34,3288.030900565684,-3558.05144161721,-379.83588496803657,61.41437043125275,0.0,93.86874173532448,3756.3594294125887,-3306.460923143777,-394.26617414911067,66.50133314760473,0.0,210.7421693665839,0.0
22,35,3349.3053221870687,-3562.195129640207,-379.83588496803657,61.41437043125275,0.0,93.86874173532448,3722.365568815047,-3363.6172417103508,-394.26617414911067,66.50133314760473,0.0,210.7421693665839,0.0
22,36,3410.5797438084533,-3566.3388176632043,-379.83588496803657,61.41437043125275,0.0,93.86874173532448,3688.371708217506,-3420.773560276924,-394.26617414911067,66.50133314760473,0.0,210.7421693665839,0.0
22,37,3471.854165429838,-3570.4825056862014,-379.83588496803657,61.41437043125275,0.0,93.86874173532448,3654.377847619964,-3477.9298788434976,-394.26617414911067,66.50133314760473,0.0,210.7421693665839,0.0
22,38,3533.1285870512224,-3574.626193709198,-379.83588496803657,61.41437043125275,0.0,93.86874173532448,3620.3839870224224,-3535.086197410071,-394.26617414911067,66.50133314760473,0.0,210.7421693665839,0.0
22,39,3594.403008672607,-3578.7698817321952,-379.83588496803657,61.41437043125275,0.0,93.86874173532448,3586.390126424881,-3592.2425159766444,-394.26617414911067,66.50133314760473,0.0,210.7421693665839,0.0
22,40,3655.6774302939916,-3582.9135697551924,-379.83588496803657,61.41437043125275,0.0,93.86874173532448,3552.3962658273394,-3649.3988345432176,-394.26617414911067,66.50133314760473,0.0,210.7421693665839,0.0
22,41,3716.951851915376,-3587.057257778189,-379.83588496803657,61.41437043125275,0.0,93.86874173532448,3518.402405229798,-3706.5551531097913,-394.26617414911067,66.50133314760473,0.0,210.7421693665839,0.0
22,42,3778.226273536761,-3591.200945801186,-379.83588496803657,61.41437043125275,0.0,93.86874173532448,3484.4085446322565,-3763.7114716763645,-394.26617414911067,66.50133314760473,0.0,210.7421693665839,0.0
22,43,3839.5006951581454,-3595.3446338241833,-379.83588496803657,61.41437043125275,0.0,93.86874173532448,3450.414684034715,-3820.867790242938,-394.26617414911067,66.50133314760473,0.0,210.7421693665839,0.0
22,44,3900.77511677953,-3599.4883218471805,-379.83588496803657,61.41437043125275,0.0,93.86874173532448,3416.4208234371736,-3878.0241088095113,-394.26617414911067,66.50133314760473,0.0,210.7421693665839,0.0
22,45,3962.0495384009146,-3603.632009870177,-379.83588496803657,61.41437043125275,0.0,93.86874173532448,3382.426962839632,-3935.180427376085,-394.26617414911067,66.50133314760473,0.0,210.7421693665839,0.0
22,46,4023.323960022299,-3607.7756978931743,-379.83588496803657,61.41437043125275,0.0,93.86874173532448,3348.4331022420906,-3992.336745942658,-394.26617414911067,66.50133314760473,0.0,210.7421693665839,0.0
22,47,4084.5983816436838,-3611.9193859161714,-379.83588496803657,61.41437043125275,0.0,93.86874173532448,3314.439241644549,-4049.4930645092318,-394.26617414911067,66.50133314760473,0.0,210.7421693665839,0.0
22,48,4145.872803265069,-3616.063073939168,-379.83588496803657,61.41437043125275,0.0,93.86874173532448,3280.4453810470077,-4106.649383075805,-394.26617414911067,66.50133314760473,0.0,210.7421693665839,0.0
22,49,4207.147224886453,-3620.2067619621653,-379.83588496803657,61.41437043125275,0.0,93.86874173532448,3246.451520449466,-4163.805701642379,-394.26617414911067,66.50133314760473,0.0,210.7421693665839,0.0
23,0,-977.3610373059457,-321.4232585714767,22.603184861808472,69.0574167326522,0.0,146.55944674246444,246.9567397789325,-5224.6754217748985,6.75763674993058,68.6151306313283,0.0,365.588045482104,0.0
23,1,-939.3054632647782,-379.0487745360597,22.603184861808472,69.0574167326522,0.0,146.55944674246444,253.63815512158777,-5156.386368182299,6.75763674993058,68.6151306313283,0.0,365.588045482104,0.0
23,2,-901.2498892236108,-436.67429050064266,22.603184861808472,69.0574167326522,0.0,146.55944674246444,260.31957046424327,-5088.097314589697,6.75763674993058,68.6151306313283,0.0,365.588045482104,0.0
23,3,-863.1943151824432,-494.29980646522563,22.603184861808472,69.0574167326522,0.0,146.55944674246444,267.0009858068984,-5019.808260997095,6.75763674993058,68.6151306313283,0.0,365.588045482104,0.0
23,4,-825.1387411412759,-551.9253224298088,22.603184861808472,69.0574167326522,0.0,146.55944674246444,273.68240114955347,-4951.5192074044935,6.75763674993058,68.6151306313283,0.0,365.588045482104,0.0
23,5,-787.0831671001085,-609.550838394392,22.603184861808472,69.0574167326522,0.0,146.55944674246444,280.36381649220885,-4883.230153811892,6.75763674993058,68.6151306313283,0.0,365.588045482104,0.0
23,6,-749.027593058941,-667.176354358975,22.603184861808472,69.0574167326522,0.0,146.55944674246444,287.0452318348641,-4814.941100219292,6.75763674993058,68.6151306313283,0.0,365.588045482104,0.0
23,7,-710.9720190177736,-724.801870323558,22.603184861808472,69.0574167326522,0.0,146.55944674246444,293.7266471775193,-4746.65204662669,6.75763674993058,68.6151306313283,0.0,365.588045482104,0.0
23,8,-672.916444976606,-782.427386288141,22.603184861808472,69.0574167326522,0.0,146.55944674246444,300.40806252017444,-4678.3629930340885,6.75763674993058,68.6151306313283,0.0,365.588045482104,0.0
23,9,-634.8608709354387,-840.0529022527242,22.603184861808472,69.0574167326522,0.0,146.55944674246444,307.0894778628297,-4610.073939441487,6.75763674993058,68.6151306313283,0.0,365.588045482104,0.0
23,10,-596.8052968942711,-897.6784182173071,22.603184861808472,69.0574167326522,0.0,146.55944674246444,313.77089320548487,-4541.784885848886,6.75763674993058,68.6151306313283,0.0,365.588045482104,0.0
23,11,-558.7497228531038,-955.3039341818901,22.603184861808472,69.0574167326522,0.0,146.55944674246444,320.4523085481402,-4473.495832256284,6.75763674993058,68.6151306313283,0.0,365.588045482104,0.0
23,12,-520.6941488119364,-1012.9294501464733,22.603184861808472,69.0574167326522,0.0,146.55944674246444,327.1337238907953,-4405.2067786636835,6.75763674993058,68.6151306313283,0.0,365.588045482104,0.0
23,13,-482.63857477076886,-1070.5549661110563,22.603184861808472,69.0574167326522,0.0,146.55944674246444,333.81513923345074,-4336.917725071082,6.75763674993058,68.6151306313283,0.0,365.588045482104,0.0
23,14,-444.5830007296014,-1128.1804820756392,22.603184861808472,69.0574167326522,0.0,146.55944674246444,340.49655457610584,-4268.62867147848,6.75763674993058,68.6151306313283,0.0,365.588045482104,0.0
23,15,-406.52742668843405,-1185.8059980402224,22.603184861808472,69.0574167326522,0.0,146.55944674246444,347.17796991876105,-4200.339617885879,6.75763674993058,68.6151306313283,0.0,365.588045482104,0.0
23,16,-368.4718526472666,-1243.4315140048054,22.603184861808472,69.0574167326522,0.0,146.55944674246444,353.85938526141604,-4132.050564293278,6.75763674993058,68.6151306313283,0.0,365.588045482104,0.0
23,17,-330.4162786060991,-1301.0570299693884,22.603184861808472,69.0574167326522,0.0,146.55944674246444,360.54080060407136,-4063.7615107006764,6.75763674993058,68.6151306313283,0.0,365.588045482104,0.0
23,18,-292.36070456493167,-1358.6825459339716,22.603184861808472,69.0574167326522,0.0,146.55944674246444,367.2222159467266,-3995.472457108075,6.75763674993058,68.6151306313283,0.0,365.588045482104,0.0
23,19,-254.3051305237642,-1416.3080618985546,22.603184861808472,69.0574167326522,0.0,146.55944674246444,373.9036312893818,-3927.1834035154734,6.75763674993058,68.6151306313283,0.0,365.588045482104,0.0
23,20,-216.24955648259674,-1473.9335778631375,22.603184861808472,69.0574167326522,0.0,146.55944674246444,380.585046632037,-3858.8943499228726,6.75763674993058,68.6151306313283,0.0,365.588045482104,0.0
23,21,-178.19398244142928,-1531.5590938277205,22.603184861808472,69.0574167326522,0.0,146.55944674246444,387.2664619746922,-3790.605296330271,6.75763674993058,68.6151306313283,0.0,365.588045482104,0.0
23,22,-140.13840840026194,-1589.1846097923037,22.603184861808472,69.0574167326522,0.0,146.55944674246444,393.94787731734755,-3722.3162427376697,6.75763674993058,68.6151306313283,0.0,365.588045482104,0.0
23,23,-102.08283435909448,-1646.8101257568867,22.603184861808472,69.0574167326522,0.0,146.55944674246444,400.62929266000265,-3654.0271891450684,6.75763674993058,68.6151306313283,0.0,365.588045482104,0.0
23,24,-64.02726031792702,-1704.43564172147,22.603184861808472,69.0574167326522,0.0,146.55944674246444,407.31070800265786,-3585.738135552467,6.75763674993058,68.6151306313283,0.0,365.588045482104,0.0
23,25,-25.971686276759556,-1762.0611576860529,22.603184861808472,69.0574167326522,0.0,146.55944674246444,413.9921233453131,-3517.449081959866,6.75763674993058,68.6151306313283,0.0,365.588045482104,0.0
23,26,12.083887764407905,-1819.6866736506358,22.603184861808472,69.0574167326522,0.0,146.55944674246444,420.6735386879684,-3449.160028367264,6.75763674993058,68.6151306313283,0.0,365.588045482104,0.0
23,27,50.13946180557531,-1877.3121896152188,22.603184861808472,69.0574167326522,0.0,146.55944674246444,427.35495403062356,-3380.870974774663,6.75763674993058,68.6151306313283,0.0,365.588045482104,0.0
23,28,88.19503584674277,-1934.9377055798018,22.603184861808472,69.0574167326522,0.0,146.55944674246444,434.0363693732787,-3312.5819211820617,6.75763674993058,68.6151306313283,0.0,365.588045482104,0.0
23,29,126.25060988791023,-1992.563221544385,22.603184861808472,69.0574167326522,0.0,146.55944674246444,440.71778471593404,-3244.29286758946,6.75763674993058,68.6151306313283,0.0,365.588045482104,0.0
23,30,164.3061839290777,-2050.188737508968,22.603184861808472,69.0574167326522,0.0,146.55944674246444,447.39920005858926,-3176.0038139968588,6.75763674993058,68.6151306313283,0.0,365.588045482104,0.0
23,31,202.3617579702451,-2107.814253473551,22.603184861808472,69.0574167326522,0.0,146.55944674246444,454.0806154012445,-3107.7147604042575,6.75763674993058,68.6151306313283,0.0,365.588045482104,0.0
23,32,240.41733201141255,-2165.439769438134,22.603184861808472,69.0574167326522,0.0,146.55944674246444,460.7620307438997,-3039.4257068116563,6.75763674993058,68.6151306313283,0.0,365.588045482104,0.0
23,33,278.47290605258,-2223.065285402717,22.603184861808472,69.0574167326522,0.0,146.55944674246444,467.4434460865549,-2971.136653219055,6.75763674993058,68.6151306313283,0.0,365.588045482104,0.0
23,34,316.5284800937475,-2280.6908013673,22.603184861808472,69.0574167326522,0.0,146.55944674246444,474.1248614292101,-2902.8475996264533,6.75763674993058,68.6151306313283,0.0,365.588045482104,0.0
23,35,354.5840541349149,-2338.316317331883,22.603184861808472,69.0574167326522,0.0,146.55944674246444,480.8062767718654,-2834.558546033852,6.75763674993058,68.6151306313283,0.0,365.588045482104,0.0
23,36,392.63962817608234,-2395.9418332964665,22.603184861808472,69.0574167326522,0.0,146.55944674246444,487.48769211452054,-2766.269492441251,6.75763674993058,68.6151306313283,0.0,365.588045482104,0.0
23,37,430.69520221724974,-2453.5673492610495,22.603184861808472,69.0574167326522,0.0,146.55944674246444,494.16910745717576,-2697.9804388486496,6.75763674993058,68.6151306313283,0.0,365.588045482104,0.0
23,38,468.7507762584172,-2511.1928652256324,22.603184861808472,69.0574167326522,0.0,146.55944674246444,500.85052279983097,-2629.691385256048,6.75763674993058,68.6151306313283,0.0,365.588045482104,0.0
23,39,506.80635029958466,-2568.8183811902154,22.603184861808472,69.0574167326522,0.0,146.55944674246444,507.5319381424862,-2561.4023316634466,6.75763674993058,68.6151306313283,0.0,365.588045482104,0.0
23,40,544.8619243407521,-2626.4438971547984,22.603184861808472,69.0574167326522,0.0,146.55944674246444,514.2133534851414,-2493.1132780708454,6.75763674993058,68.6151306313283,0.0,365.588045482104,0.0
23,41,582.9174983819196,-2684.0694131193814,22.603184861808472,69.0574167326522,0.0,146.55944674246444,520.8947688277966,-2424.824224478244,6.75763674993058,68.6151306313283,0.0,365.588045482104,0.0
23,42,620.973072423087,-2741.6949290839643,22.603184861808472,69.0574167326522,0.0,146.55944674246444,527.5761841704518,-2356.535170885643,6.75763674993058,68.6151306313283,0.0,365.588045482104,0.0
23,43,659.0286464642545,-2799.3204450485478,22.603184861808472,69.0574167326522,0.0,146.55944674246444,534.257599513107,-2288.246117293041,6.75763674993058,68.6151306313283,0.0,365.588045482104,0.0
23,44,697.0842205054219,-2856.9459610131307,22.603184861808472,69.0574167326522,0.0,146.55944674246444,540.9390148557623,-2219.95706370044,6.75763674993058,68.6151306313283,0.0,365.588045482104,0.0
23,45,735.1397945465893,-2914.5714769777137,22.603184861808472,69.0574167326522,0.0,146.55944674246444,547.6204301984175,-2151.6680101078387,6.75763674993058,68.6151306313283,0.0,365.588045482104,0.0
23,46,773.1953685877568,-2972.1969929422967,22.603184861808472,69.0574167326522,0.0,146.55944674246444,554.3018455410727,-2083.3789565152374,6.75763674993058,68.6151306313283,0.0,365.588045482104,0.0
23,47,811.2509426289242,-3029.8225089068796,22.603184861808472,69.0574167326522,0.0,146.55944674246444,560.983260883728,-2015.089902922636,6.75763674993058,68.6151306313283,0.0,365.588045482104,0.0
23,48,849.3065166700917,-3087.4480248714626,22.603184861808472,69.0574167326522,0.0,146.55944674246444,567.6646762263832,-1946.8008493300345,6.75763674993058,68.6151306313283,0.0,365.588045482104,0.0
23,49,887.362090711259,-3145.073540836046,22.603184861808472,69.0574167326522,0.0,146.55944674246444,574.3460915690384,-1878.5117957374332,6.75763674993058,68.6151306313283,0.0,365.588045482104,0.0
24,0,3489.045600846305,-5254.991440363074,49.62732180463263,60.79606126666424,0.0,15.82255331878121,3300.7601829963965,-450.7366017263266,72.59716901542862,68.87762967096639,0.0,161.69273446240297,0.0
24,1,3505.6221931113423,-5196.4988967834115,49.62732180463263,60.79606126666424,0.0,15.82255331878121,3322.3955313995866,-516.1280351756968,72.59716901542862,68.87762967096639,0.0,161.69273446240297,0.0
24,2,3522.198785376379,-5138.006353203749,49.62732180463263,60.79606126666424,0.0,15.82255331878121,3344.0308798027772,-581.5194686250666,72.59716901542862,68.87762967096639,0.0,161.69273446240297,0.0
24,3,3538.7753776414156,-5079.513809624086,49.62732180463263,60.79606126666424,0.0,15.82255331878121,3365.6662282059674,-646.9109020744359,72.59716901542862,68.87762967096639,0.0,161.69273446240297,0.0
24,4,3555.3519699064523,-5021.021266044424,49.62732180463263,60.79606126666424,0.0,15.82255331878121,3387.301576609158,-712.302335523806,72.59716901542862,68.87762967096639,0.0,161.69273446240297,0.0
24,5,3571.928562171489,-4962.528722464762,49.62732180463263,60.79606126666424,0.0,15.82255331878121,3408.936925012348,-777.6937689731758,72.59716901542862,68.87762967096639,0.0,161.69273446240297,0.0
24,6,3588.505154436526,-4904.036178885099,49.62732180463263,60.79606126666424,0.0,15.82255331878121,3430.572273415539,-843.0852024225455,72.59716901542862,68.87762967096639,0.0,161.69273446240297,0.0
24,7,3605.0817467015627,-4845.5436353054365,49.62732180463263,60.79606126666424,0.0,15.82255331878121,3452.2076218187294,-908.4766358719153,72.59716901542862,68.87762967096639,0.0,161.69273446240297,0.0
24,8,3621.6583389666,-4787.051091725774,49.62732180463263,60.79606126666424,0.0,15.82255331878121,3473.842970221919,-973.868069321285,72.59716901542862,68.87762967096639,0.0,161.69273446240297,0.0
24,9,3638.2349312316364,-4728.558548146112,49.62732180463263,60.79606126666424,0.0,15.82255331878121,3495.4783186251098,-1039.2595027706548,72.59716901542862,68.87762967096639,0.0,161.69273446240297,0.0
24,10,3654.811523496673,-4670.066004566449,49.62732180463263,60.79606126666424,0.0,15.82255331878121,3517.1136670283004,-1104.6509362200245,72.59716901542862,68.87762967096639,0.0,161.69273446240297,0.0
24,11,3671.38811576171,-4611.573460986787,49.62732180463263,60.79606126666424,0.0,15.82255331878121,3538.749015431491,-1170.0423696693942,72.59716901542862,68.87762967096639,0.0,161.69273446240297,0.0
24,12,3687.964708026747,-4553.080917407125,49.62732180463263,60.79606126666424,0.0,15.82255331878121,3560.384363834681,-1235.433803118764,72.59716901542862,68.87762967096639,0.0,161.69273446240297,0.0
24,13,3704.5413002917835,-4494.588373827462,49.62732180463263,60.79606126666424,0.0,15.82255331878121,3582.0197122378713,-1300.825236568134,72.59716901542862,68.87762967096639,0.0,161.69273446240297,0.0
24,14,3721.1178925568206,-4436.095830247799,49.62732180463263,60.79606126666424,0.0,15.82255331878121,3603.655060641062,-1366.2166700175037,72.59716901542862,68.87762967096639,0.0,161.69273446240297,0.0
24,15,3737.6944848218573,-4377.603286668137,49.62732180463263,60.79606126666424,0.0,15.82255331878121,3625.2904090442526,-1431.6081034668734,72.59716901542862,68.87762967096639,0.0,161.69273446240297,0.0
24,16,3754.271077086894,-4319.110743088475,49.62732180463263,60.79606126666424,0.0,15.82255331878121,3646.9257574474427,-1496.999536916243,72.59716901542862,68.87762967096639,0.0,161.69273446240297,0.0
24,17,3770.847669351931,-4260.618199508812,49.62732180463263,60.79606126666424,0.0,15.82255331878121,3668.561105850633,-1562.390970365613,72.59716901542862,68.87762967096639,0.0,161.69273446240297,0.0
24,18,3787.4242616169677,-4202.12565592915,49.62732180463263,60.79606126666424,0.0,15.82255331878121,3690.1964542538235,-1627.7824038149827,72.59716901542862,68.87762967096639,0.0,161.69273446240297,0.0
24,19,3804.0008538820043,-4143.633112349487,49.62732180463263,60.79606126666424,0.0,15.82255331878121,3711.8318026570137,-1693.1738372643524,72.59716901542862,68.87762967096639,0.0,161.69273446240297,0.0
24,20,3820.5774461470414,-4085.1405687698243,49.62732180463263,60.79606126666424,0.0,15.82255331878121,3733.4671510602043,-1758.5652707137224,72.59716901542862,68.87762967096639,0.0,161.69273446240297,0.0
24,21,3837.154038412078,-4026.648025190162,49.62732180463263,60.79606126666424,0.0,15.82255331878121,3755.102499463395,-1823.956704163092,72.59716901542862,68.87762967096639,0.0,161.69273446240297,0.0
24,22,3853.7306306771147,-3968.1554816105,49.62732180463263,60.79606126666424,0.0,15.82255331878121,3776.737847866585,-1889.3481376124619,72.59716901542862,68.87762967096639,0.0,161.69273446240297,0.0
24,23,3870.307222942152,-3909.6629380308373,49.62732180463263,60.79606126666424,0.0,15.82255331878121,3798.3731962697757,-1954.7395710618316,72.59716901542862,68.87762967096639,0.0,161.69273446240297,0.0
24,24,3886.8838152071885,-3851.1703944511746,49.62732180463263,60.79606126666424,0.0,15.82255331878121,3820.008544672966,-2020.1310045112014,72.59716901542862,68.87762967096639,0.0,161.69273446240297,0.0
24,25,3903.460407472225,-3792.6778508715124,49.62732180463263,60.79606126666424,0.0,15.82255331878121,3841.6438930761565,-2085.522437960571,72.59716901542862,68.87762967096639,0.0,161.69273446240297,0.0
24,26,3920.0369997372622,-3734.1853072918498,49.62732180463263,60.79606126666424,0.0,15.82255331878121,3863.2792414793466,-2150.913871409941,72.59716901542862,68.87762967096639,0.0,161.69273446240297,0.0
24,27,3936.613592002299,-3675.692763712187,49.62732180463263,60.79606126666424,0.0,15.82255331878121,3884.9145898825373,-2216.3053048593106,72.59716901542862,68.87762967096639,0.0,161.69273446240297,0.0
24,28,3953.1901842673356,-3617.200220132525,49.62732180463263,60.79606126666424,0.0,15.82255331878121,3906.5499382857274,-2281.6967383086803,72.59716901542862,68.87762967096639,0.0,161.69273446240297,0.0
24,29,3969.7667765323727,-3558.7076765528623,49.62732180463263,60.79606126666424,0.0,15.82255331878121,3928.185286688918,-2347.08817175805,72.59716901542862,68.87762967096639,0.0,161.69273446240297,0.0
24,30,3986.3433687974093,-3500.2151329731996,49.62732180463263,60.79606126666424,0.0,15.82255331878121,3949.820635092108,-2412.47960520742,72.59716901542862,68.87762967096639,0.0,161.69273446240297,0.0
24,31,4002.919961062446,-3441.7225893935374,49.62732180463263,60.79606126666424,0.0,15.82255331878121,3971.455983495299,-2477.87103865679,72.59716901542862,68.87762967096639,0.0,161.69273446240297,0.0
24,32,4019.496553327483,-3383.2300458138748,49.62732180463263,60.79606126666424,0.0,15.82255331878121,3993.091331898489,-2543.2624721061593,72.59716901542862,68.87762967096639,0.0,161.69273446240297,0.0
24,33,4036.0731455925197,-3324.7375022342126,49.62732180463263,60.79606126666424,0.0,15.82255331878121,4014.7266803016796,-2608.6539055555295,72.59716901542862,68.87762967096639,0.0,161.69273446240297,0.0
24,34,4052.6497378575564,-3266.24495865455,49.62732180463263,60.79606126666424,0.0,15.82255331878121,4036.3620287048698,-2674.0453390048992,72.59716901542862,68.87762967096639,0.0,161.69273446240297,0.0
24,35,4069.2263301225935,-3207.7524150748873,49.62732180463263,60.79606126666424,0.0,15.82255331878121,4057.9973771080604,-2739.436772454269,72.59716901542862,68.87762967096639,0.0,161.69273446240297,0.0
24,36,4085.80292238763,-3149.259871495225,49.62732180463263,60.79606126666424,0.0,15.82255331878121,4079.6327255112506,-2804.8282059036387,72.59716901542862,68.87762967096639,0.0,161.69273446240297,0.0
24,37,4102.379514652667,-3090.7673279155624,49.62732180463263,60.79606126666424,0.0,15.82255331878121,4101.268073914441,-2870.2196393530085,72.59716901542862,68.87762967096639,0.0,161.69273446240297,0.0
24,38,4118.956106917703,-3032.2747843359,49.62732180463263,60.79606126666424,0.0,15.82255331878121,4122.903422317631,-2935.611072802378,72.59716901542862,68.87762967096639,0.0,161.69273446240297,0.0
24,39,4135.5326991827405,-2973.7822407562376,49.62732180463263,60.79606126666424,0.0,15.82255331878121,4144.538770720822,-3001.002506251748,72.59716901542862,68.87762967096639,0.0,161.69273446240297,0.0
24,40,4152.109291447778,-2915.289697176575,49.62732180463263,60.79606126666424,0.0,15.82255331878121,4166.174119124013,-3066.3939397011177,72.59716901542862,68.87762967096639,0.0,161.69273446240297,0.0
24,41,4168.685883712814,-2856.7971535969127,49.62732180463263,60.79606126666424,0.0,15.82255331878121,4187.809467527202,-3131.7853731504874,72.59716901542862,68.87762967096639,0.0,161.69273446240297,0.0
24,42,4185.262475977851,-2798.30461001725,49.62732180463263,60.79606126666424,0.0,15.82255331878121,4209.444815930393,-3197.176806599857,72.59716901542862,68.87762967096639,0.0,161.69273446240297,0.0
24,43,4201.839068242888,-2739.812066437588,49.62732180463263,60.79606126666424,0.0,15.82255331878121,4231.0801643335835,-3262.568240049227,72.59716901542862,68.87762967096639,0.0,161.69273446240297,0.0
24,44,4218.415660507924,-2681.319522857925,49.62732180463263,60.79606126666424,0.0,15.82255331878121,4252.715512736774,-3327.9596734985967,72.59716901542862,68.87762967096639,0.0,161.69273446240297,0.0
24,45,4234.992252772961,-2622.8269792782626,49.62732180463263,60.79606126666424,0.0,15.82255331878121,4274.350861139964,-3393.3511069479664,72.59716901542862,68.87762967096639,0.0,161.69273446240297,0.0
24,46,4251.5688450379985,-2564.3344356986004,49.62732180463263,60.79606126666424,0.0,15.82255331878121,4295.9862095431545,-3458.7425403973366,72.59716901542862,68.87762967096639,0.0,161.69273446240297,0.0
24,47,4268.145437303035,-2505.8418921189377,49.62732180463263,60.79606126666424,0.0,15.82255331878121,4317.621557946345,-3524.133973846706,72.59716901542862,68.87762967096639,0.0,161.69273446240297,0.0
24,48,4284.722029568072,-2447.3493485392755,49.62732180463263,60.79606126666424,0.0,15.82255331878121,4339.256906349536,-3589.525407296076,72.59716901542862,68.87762967096639,0.0,161.69273446240297,0.0
24,49,4301.298621833109,-2388.856804959613,49.62732180463263,60.79606126666424,0.0,15.82255331878121,4360.892254752726,-3654.9168407454454,72.59716901542862,68.87762967096639,0.0,161.69273446240297,0.0
25,0,435.1350739701004,1144.636264883215,-98.91272452356606,68.91411950553912,0.0,145.2851558823855,2678.430692514082,-3463.87289187546,-105.93116916487244,65.00083573496158,0.0,343.45604313077126,0.0
25,1,474.3811484726907,1087.9890981106314,-98.91272452356606,68.91411950553912,0.0,145.2851558823855,2659.9216486396977,-3401.5629894433464,-105.93116916487244,65.00083573496158,0.0,343.45604313077126,0.0
25,2,513.6272229752806,1031.3419313380482,-98.91272452356606,68.91411950553912,0.0,145.2851558823855,2641.4126047653126,-3339.2530870112323,-105.93116916487244,65.00083573496158,0.0,343.45604313077126,0.0
25,3,552.8732974778707,974.6947645654648,-98.91272452356606,68.91411950553912,0.0,145.2851558823855,2622.9035608909285,-3276.943184579118,-105.93116916487244,65.00083573496158,0.0,343.45604313077126,0.0
25,4,592.1193719804608,918.0475977928816,-98.91272452356606,68.91411950553912,0.0,145.2851558823855,2604.3945170165434,-3214.633282147004,-105.93116916487244,65.00083573496158,0.0,343.45604313077126,0.0
25,5,631.3654464830511,861.4004310202979,-98.91272452356606,68.91411950553912,0.0,145.2851558823855,2585.8854731421593,-3152.32337971489,-105.93116916487244,65.00083573496158,0.0,343.45604313077126,0.0
25,6,670.6115209856412,804.7532642477145,-98.91272452356606,68.91411950553912,0.0,145.2851558823855,2567.3764292677747,-3090.013477282776,-105.93116916487244,65.00083573496158,0.0,343.45604313077126,0.0
25,7,709.8575954882313,748.1060974751313,-98.91272452356606,68.91411950553912,0.0,145.2851558823855,2548.86738539339,-3027.7035748506623,-105.93116916487244,65.00083573496158,0.0,343.45604313077126,0.0
25,8,749.1036699908213,691.4589307025478,-98.91272452356606,68.91411950553912,0.0,145.2851558823855,2530.358341519006,-2965.393672418548,-105.93116916487244,65.00083573496158,0.0,343.45604313077126,0.0
25,9,788.3497444934112,634.8117639299646,-98.91272452356606,68.91411950553912,0.0,145.2851558823855,2511.8492976446214,-2903.083769986434,-105.93116916487244,65.00083573496158,0.0,343.45604313077126,0.0
25,10,827.5958189960015,578.1645971573812,-98.91272452356606,68.91411950553912,0.0,145.2851558823855,2493.340253770237,-2840.77386755432,-105.93116916487244,65.00083573496158,0.0,343.45604313077126,0.0
25,11,866.8418934985916,521.5174303847978,-98.91272452356606,68.91411950553912,0.0,145.2851558823855,2474.831209895852,-2778.463965122206,-105.93116916487244,65.00083573496158,0.0,343.45604313077126,0.0
25,12,906.0879680011817,464.87026361221433,-98.91272452356606,68.91411950553912,0.0,145.2851558823855,2456.3221660214676,-2716.1540626900924,-105.93116916487244,65.00083573496158,0.0,343.45604313077126,0.0
25,13,945.3340425037719,408.2230968396309,-98.91272452356606,68.91411950553912,0.0,145.2851558823855,2437.813122147083,-2653.844160257978,-105.93116916487244,65.00083573496158,0.0,343.45604313077126,0.0
25,14,984.5801170063619,351.5759300670477,-98.91272452356606,68.91411950553912,0.0,145.2851558823855,2419.304078272699,-2591.534257825864,-105.93116916487244,65.00083573496158,0.0,343.45604313077126,0.0
25,15,1023.8261915089521,294.92876329446403,-98.91272452356606,68.91411950553912,0.0,145.2851558823855,2400.7950343983143,-2529.22435539375,-105.93116916487244,65.00083573496158,0.0,343.45604313077126,0.0
25,16,1063.072266011542,238.28159652188083,-98.91272452356606,68.91411950553912,0.0,145.2851558823855,2382.2859905239297,-2466.914452961636,-105.93116916487244,65.00083573496158,0.0,343.45604313077126,0.0
25,17,1102.3183405141322,181.63442974929762,-98.91272452356606,68.91411950553912,0.0,145.2851558823855,2363.776946649545,-2404.604550529522,-105.93116916487244,65.00083573496158,0.0,343.45604313077126,0.0
25,18,1141.5644150167223,124.98726297671396,-98.91272452356606,68.91411950553912,0.0,145.2851558823855,2345.2679027751606,-2342.294648097408,-105.93116916487244,65.00083573496158,0.0,343.45604313077126,0.0
25,19,1180.8104895193123,68.34009620413076,-98.91272452356606,68.91411950553912,0.0,145.2851558823855,2326.7588589007764,-2279.984745665294,-105.93116916487244,65.00083573496158,0.0,343.45604313077126,0.0
25,20,1220.0565640219027,11.692929431547327,-98.91272452356606,68.91411950553912,0.0,145.2851558823855,2308.249815026392,-2217.67484323318,-105.93116916487244,65.00083573496158,0.0,343.45604313077126,0.0
25,21,1259.3026385244925,-44.95423734103599,-98.91272452356606,68.91411950553912,0.0,145.2851558823855,2289.7407711520073,-2155.364940801066,-105.93116916487244,65.00083573496158,0.0,343.45604313077126,0.0
25,22,1298.5487130270828,-101.60140411361942,-98.91272452356606,68.91411950553912,0.0,145.2851558823855,2271.2317272776227,-2093.055038368952,-105.93116916487244,65.00083573496158,0.0,343.45604313077126,0.0
25,23,1337.794787529673,-158.24857088620274,-98.91272452356606,68.91411950553912,0.0,145.2851558823855,2252.722683403238,-2030.7451359368379,-105.93116916487244,65.00083573496158,0.0,343.45604313077126,0.0
25,24,1377.0408620322628,-214.89573765878606,-98.91272452356606,68.91411950553912,0.0,145.2851558823855,2234.2136395288535,-1968.4352335047238,-105.93116916487244,65.00083573496158,0.0,343.45604313077126,0.0
25,25,1416.286936534853,-271.5429044313695,-98.91272452356606,68.91411950553912,0.0,145.2851558823855,2215.704595654469,-1906.1253310726097,-105.93116916487244,65.00083573496158,0.0,343.45604313077126,0.0
25,26,1455.5330110374432,-328.1900712039529,-98.91272452356606,68.91411950553912,0.0,145.2851558823855,2197.1955517800843,-1843.8154286404958,-105.93116916487244,65.00083573496158,0.0,343.45604313077126,0.0
25,27,1494.7790855400333,-384.83723797653636,-98.91272452356606,68.91411950553912,0.0,145.2851558823855,2178.6865079057,-1781.5055262083818,-105.93116916487244,65.00083573496158,0.0,343.45604313077126,0.0
25,28,1534.0251600426234,-441.48440474911956,-98.91272452356606,68.91411950553912,0.0,145.2851558823855,2160.1774640313156,-1719.195623776268,-105.93116916487244,65.00083573496158,0.0,343.45604313077126,0.0
25,29,1573.2712345452135,-498.131571521703,-98.91272452356606,68.91411950553912,0.0,145.2851558823855,2141.668420156931,-1656.8857213441538,-105.93116916487244,65.00083573496158,0.0,343.45604313077126,0.0
25,30,1612.5173090478036,-554.7787382942863,-98.91272452356606,68.91411950553912,0.0,145.2851558823855,2123.1593762825464,-1594.5758189120397,-105.93116916487244,65.00083573496158,0.0,343.45604313077126,0.0
25,31,1651.7633835503939,-611.4259050668697,-98.91272452356606,68.91411950553912,0.0,145.2851558823855,2104.650332408162,-1532.2659164799256,-105.93116916487244,65.00083573496158,0.0,343.45604313077126,0.0
25,32,1691.009458052984,-668.0730718394532,-98.91272452356606,68.91411950553912,0.0,145.2851558823855,2086.1412885337772,-1469.9560140478118,-105.93116916487244,65.00083573496158,0.0,343.45604313077126,0.0
25,33,1730.255532555574,-724.7202386120366,-98.91272452356606,68.91411950553912,0.0,145.2851558823855,2067.632244659393,-1407.6461116156977,-105.93116916487244,65.00083573496158,0.0,343.45604313077126,0.0
25,34,1769.5016070581642,-781.3674053846198,-98.91272452356606,68.91411950553912,0.0,145.2851558823855,2049.1232007850085,-1345.3362091835838,-105.93116916487244,65.00083573496158,0.0,343.45604313077126,0.0
25,35,1808.7476815607542,-838.0145721572032,-98.91272452356606,68.91411950553912,0.0,145.2851558823855,2030.614156910624,-1283.0263067514697,-105.93116916487244,65.00083573496158,0.0,343.45604313077126,0.0
25,36,1847.9937560633443,-894.6617389297867,-98.91272452356606,68.91411950553912,0.0,145.2851558823855,2012.1051130362393,-1220.7164043193557,-105.93116916487244,65.00083573496158,0.0,343.45604313077126,0.0
25,37,1887.2398305659344,-951.30890570237,-98.91272452356606,68.91411950553912,0.0,145.2851558823855,1993.596069161855,-1158.4065018872416,-105.93116916487244,65.00083573496158,0.0,343.45604313077126,0.0
25,38,1926.4859050685245,-1007.9560724749533,-98.91272452356606,68.91411950553912,0.0,145.2851558823855,1975.0870252874704,-1096.0965994551277,-105.93116916487244,65.00083573496158,0.0,343.45604313077126,0.0
25,39,1965.7319795711146,-1064.6032392475367,-98.91272452356606,68.91411950553912,0.0,145.2851558823855,1956.5779814130858,-1033.7866970230136,-105.93116916487244,65.00083573496158,0.0,343.45604313077126,0.0
25,40,2004.9780540737047,-1121.2504060201202,-98.91272452356606,68.91411950553912,0.0,145.2851558823855,1938.0689375387014,-971.4767945908997,-105.93116916487244,65.00083573496158,0.0,343.45604313077126,0.0
25,41,2044.2241285762948,-1177.8975727927036,-98.91272452356606,68.91411950553912,0.0,145.2851558823855,1919.5598936643169,-909.1668921587856,-105.93116916487244,65.00083573496158,0.0,343.45604313077126,0.0
25,42,2083.470203078885,-1234.5447395652868,-98.91272452356606,68.91411950553912,0.0,145.2851558823855,1901.0508497899323,-846.8569897266716,-105.93116916487244,65.00083573496158,0.0,343.45604313077126,0.0
25,43,2122.716277581475,-1291.1919063378703,-98.91272452356606,68.91411950553912,0.0,145.2851558823855,1882.541805915548,-784.5470872945575,-105.93116916487244,65.00083573496158,0.0,343.45604313077126,0.0
25,44,2161.962352084065,-1347.8390731104537,-98.91272452356606,68.91411950553912,0.0,145.2851558823855,1864.0327620411633,-722.2371848624435,-105.93116916487244,65.00083573496158,0.0,343.45604313077126,0.0
25,45,2201.208426586655,-1404.486239883037,-98.91272452356606,68.91411950553912,0.0,145.2851558823855,1845.5237181667787,-659.9272824303296,-105.93116916487244,65.00083573496158,0.0,343.45604313077126,0.0
25,46,2240.4545010892452,-1461.1334066556203,-98.91272452356606,68.91411950553912,0.0,145.2851558823855,1827.0146742923944,-597.6173799982155,-105.93116916487244,65.00083573496158,0.0,343.45604313077126,0.0
25,47,2279.7005755918353,-1517.7805734282038,-98.91272452356606,68.91411950553912,0.0,145.2851558823855,1808.5056304180098,-535.3074775661015,-105.93116916487244,65.00083573496158,0.0,343.45604313077126,0.0
25,48,2318.9466500944254,-1574.4277402007872,-98.91272452356606,68.91411950553912,0.0,145.2851558823855,1789.9965865436252,-472.99757513398754,-105.93116916487244,65.00083573496158,0.0,343.45604313077126,0.0
25,49,2358.1927245970155,-1631.0749069733706,-98.91272452356606,68.91411950553912,0.0,145.2851558823855,1771.4875426692408,-410.68767270187345,-105.93116916487244,65.00083573496158,0.0,343.45604313077126,0.0
26,0,5994.008152990495,-3225.401608619125,304.7298020813555,66.2231048182885,0.0,229.986597579226,4037.165332681004,-7200.056914733087,287.8653222614123,60.44464496941821,0.0,359.474299455351,0.0
26,1,5943.288270135809,-3267.9808652469837,304.7298020813555,66.2231048182885,0.0,229.986597579226,4036.610748430367,-7139.614813993719,287.8653222614123,60.44464496941821,0.0,359.474299455351,0.0
26,2,5892.568387281124,-3310.560121874843,304.7298020813555,66.2231048182885,0.0,229.986597579226,4036.0561641797303,-7079.17271325435,287.8653222614123,60.44464496941821,0.0,359.474299455351,0.0
26,3,5841.84850442644,-3353.139378502702,304.7298020813555,66.2231048182885,0.0,229.986597579226,4035.5015799290936,-7018.730612514982,287.8653222614123,60.44464496941821,0.0,359.474299455351,0.0
26,4,5791.128621571755,-3395.718635130561,304.7298020813555,66.2231048182885,0.0,229.986597579226,4034.9469956784565,-6958.288511775614,287.8653222614123,60.44464496941821,0.0,359.474299455351,0.0
26,5,5740.40873871707,-3438.29789175842,304.7298020813555,66.2231048182885,0.0,229.986597579226,4034.3924114278198,-6897.846411036245,287.8653222614123,60.44464496941821,0.0,359.474299455351,0.0
26,6,5689.688855862385,-3480.8771483862793,304.7298020813555,66.2231048182885,0.0,229.986597579226,4033.837827177183,-6837.404310296876,287.8653222614123,60.44464496941821,0.0,359.474299455351,0.0
26,7,5638.968973007701,-3523.456405014138,304.7298020813555,66.2231048182885,0.0,229.986597579226,4033.2832429265463,-6776.962209557509,287.8653222614123,60.44464496941821,0.0,359.474299455351,0.0
26,8,5588.2490901530155,-3566.0356616419967,304.7298020813555,66.2231048182885,0.0,229.986597579226,4032.728658675909,-6716.52010881814,287.8653222614123,60.44464496941821,0.0,359.474299455351,0.0
26,9,5537.52920729833,-3608.614918269856,304.7298020813555,66.2231048182885,0.0,229.986597579226,4032.1740744252725,-6656.078008078772,287.8653222614123,60.44464496941821,0.0,359.474299455351,0.0
26,10,5486.809324443646,-3651.194174897715,304.7298020813555,66.2231048182885,0.0,229.986597579226,4031.6194901746358,-6595.635907339402,287.8653222614123,60.44464496941821,0.0,359.474299455351,0.0
26,11,5436.089441588962,-3693.773431525574,304.7298020813555,66.2231048182885,0.0,229.986597579226,4031.064905923999,-6535.193806600035,287.8653222614123,60.44464496941821,0.0,359.474299455351,0.0
26,12,5385.369558734276,-3736.3526881534326,304.7298020813555,66.2231048182885,0.0,229.986597579226,4030.510321673362,-6474.751705860666,287.8653222614123,60.44464496941821,0.0,359.474299455351,0.0
26,13,5334.649675879591,-3778.9319447812923,304.7298020813555,66.2231048182885,0.0,229.986597579226,4029.955737422725,-6414.309605121298,287.8653222614123,60.44464496941821,0.0,359.474299455351,0.0
26,14,5283.929793024907,-3821.511201409151,304.7298020813555,66.2231048182885,0.0,229.986597579226,4029.401153172088,-6353.867504381929,287.8653222614123,60.44464496941821,0.0,359.474299455351,0.0
26,15,5233.2099101702215,-3864.0904580370097,304.7298020813555,66.2231048182885,0.0,229.986597579226,4028.8465689214513,-6293.425403642561,287.8653222614123,60.44464496941821,0.0,359.474299455351,0.0
26,16,5182.490027315537,-3906.669714664869,304.7298020813555,66.2231048182885,0.0,229.986597579226,4028.2919846708146,-6232.983302903192,287.8653222614123,60.44464496941821,0.0,359.474299455351,0.0
26,17,5131.770144460852,-3949.248971292728,304.7298020813555,66.2231048182885,0.0,229.986597579226,4027.737400420178,-6172.541202163824,287.8653222614123,60.44464496941821,0.0,359.474299455351,0.0
26,18,5081.050261606168,-3991.828227920587,304.7298020813555,66.2231048182885,0.0,229.986597579226,4027.1828161695407,-6112.0991014244555,287.8653222614123,60.44464496941821,0.0,359.474299455351,0.0
26,19,5030.330378751482,-4034.407484548446,304.7298020813555,66.2231048182885,0.0,229.986597579226,4026.628231918904,-6051.657000685087,287.8653222614123,60.44464496941821,0.0,359.474299455351,0.0
26,20,4979.610495896797,-4076.986741176305,304.7298020813555,66.2231048182885,0.0,229.986597579226,4026.0736476682673,-5991.214899945719,287.8653222614123,60.44464496941821,0.0,359.474299455351,0.0
26,21,4928.890613042113,-4119.565997804164,304.7298020813555,66.2231048182885,0.0,229.986597579226,4025.5190634176306,-5930.77279920635,287.8653222614123,60.44464496941821,0.0,359.474299455351,0.0
26,22,4878.170730187428,-4162.145254432023,304.7298020813555,66.2231048182885,0.0,229.986597579226,4024.9644791669934,-5870.330698466982,287.8653222614123,60.44464496941821,0.0,359.474299455351,0.0
26,23,4827.450847332743,-4204.7245110598815,304.7298020813555,66.2231048182885,0.0,229.986597579226,4024.4098949163567,-5809.888597727613,287.8653222614123,60.44464496941821,0.0,359.474299455351,0.0
26,24,4776.730964478058,-4247.303767687741,304.7298020813555,66.2231048182885,0.0,229.986597579226,4023.85531066572,-5749.446496988245,287.8653222614123,60.44464496941821,0.0,359.474299455351,0.0
26,25,4726.011081623374,-4289.8830243156,304.7298020813555,66.2231048182885,0.0,229.986597579226,4023.3007264150833,-5689.004396248876,287.8653222614123,60.44464496941821,0.0,359.474299455351,0.0
26,26,4675.291198768688,-4332.462280943459,304.7298020813555,66.2231048182885,0.0,229.986597579226,4022.746142164446,-5628.562295509508,287.8653222614123,60.44464496941821,0.0,359.474299455351,0.0
26,27,4624.571315914004,-4375.041537571318,304.7298020813555,66.2231048182885,0.0,229.986597579226,4022.1915579138094,-5568.120194770139,287.8653222614123,60.44464496941821,0.0,359.474299455351,0.0
26,28,4573.851433059319,-4417.620794199177,304.7298020813555,66.2231048182885,0.0,229.986597579226,4021.6369736631727,-5507.678094030771,287.8653222614123,60.44464496941821,0.0,359.474299455351,0.0
26,29,4523.131550204635,-4460.200050827036,304.7298020813555,66.2231048182885,0.0,229.986597579226,4021.082389412536,-5447.235993291403,287.8653222614123,60.44464496941821,0.0,359.474299455351,0.0
26,30,4472.411667349949,-4502.779307454895,304.7298020813555,66.2231048182885,0.0,229.986597579226,4020.527805161899,-5386.793892552035,287.8653222614123,60.44464496941821,0.0,359.474299455351,0.0
26,31,4421.691784495264,-4545.358564082754,304.7298020813555,66.2231048182885,0.0,229.986597579226,4019.973220911262,-5326.351791812666,287.8653222614123,60.44464496941821,0.0,359.474299455351,0.0
26,32,4370.97190164058,-4587.937820710613,304.7298020813555,66.2231048182885,0.0,229.986597579226,4019.4186366606255,-5265.909691073298,287.8653222614123,60.44464496941821,0.0,359.474299455351,0.0
26,33,4320.2520187858945,-4630.517077338472,304.7298020813555,66.2231048182885,0.0,229.986597579226,4018.8640524099883,-5205.467590333929,287.8653222614123,60.44464496941821,0.0,359.474299455351,0.0
26,34,4269.53213593121,-4673.096333966331,304.7298020813555,66.2231048182885,0.0,229.986597579226,4018.3094681593516,-5145.025489594561,287.8653222614123,60.44464496941821,0.0,359.474299455351,0.0
26,35,4218.812253076525,-4715.67559059419,304.7298020813555,66.2231048182885,0.0,229.986597579226,4017.754883908715,-5084.583388855192,287.8653222614123,60.44464496941821,0.0,359.474299455351,0.0
26,36,4168.092370221841,-4758.254847222049,304.7298020813555,66.2231048182885,0.0,229.986597579226,4017.200299658078,-5024.141288115824,287.8653222614123,60.44464496941821,0.0,359.474299455351,0.0
26,37,4117.372487367155,-4800.8341038499075,304.7298020813555,66.2231048182885,0.0,229.986597579226,4016.645715407441,-4963.6991873764555,287.8653222614123,60.44464496941821,0.0,359.474299455351,0.0
26,38,4066.6526045124706,-4843.413360477767,304.7298020813555,66.2231048182885,0.0,229.986597579226,4016.0911311568043,-4903.257086637087,287.8653222614123,60.44464496941821,0.0,359.474299455351,0.0
26,39,4015.932721657786,-4885.992617105626,304.7298020813555,66.2231048182885,0.0,229.986597579226,4015.5365469061676,-4842.8149858977185,287.8653222614123,60.44464496941821,0.0,359.474299455351,0.0
26,40,3965.212838803101,-4928.571873733485,304.7298020813555,66.2231048182885,0.0,229.986597579226,4014.9819626555304,-4782.37288515835,287.8653222614123,60.44464496941821,0.0,359.474299455351,0.0
26,41,3914.4929559484162,-4971.151130361344,304.7298020813555,66.2231048182885,0.0,229.986597579226,4014.4273784048937,-4721.930784418982,287.8653222614123,60.44464496941821,0.0,359.474299455351,0.0
26,42,3863.7730730937315,-5013.730386989203,304.7298020813555,66.2231048182885,0.0,229.986597579226,4013.872794154257,-4661.488683679613,287.8653222614123,60.44464496941821,0.0,359.474299455351,0.0
26,43,3813.0531902390467,-5056.309643617062,304.7298020813555,66.2231048182885,0.0,229.986597579226,4013.3182099036203,-4601.046582940245,287.8653222614123,60.44464496941821,0.0,359.474299455351,0.0
26,44,3762.3333073843614,-5098.8889002449205,304.7298020813555,66.2231048182885,0.0,229.986597579226,4012.763625652983,-4540.604482200876,287.8653222614123,60.44464496941821,0.0,359.474299455351,0.0
26,45,3711.6134245296766,-5141.46815687278,304.7298020813555,66.2231048182885,0.0,229.986597579226,4012.2090414023464,-4480.162381461508,287.8653222614123,60.44464496941821,0.0,359.474299455351,0.0
26,46,3660.893541674992,-5184.047413500639,304.7298020813555,66.2231048182885,0.0,229.986597579226,4011.6544571517097,-4419.72028072214,287.8653222614123,60.44464496941821,0.0,359.474299455351,0.0
26,47,3610.173658820307,-5226.626670128498,304.7298020813555,66.2231048182885,0.0,229.986597579226,4011.099872901073,-4359.278179982772,287.8653222614123,60.44464496941821,0.0,359.474299455351,0.0
26,48,3559.4537759656223,-5269.205926756356,304.7298020813555,66.2231048182885,0.0,229.986597579226,4010.545288650436,-4298.836079243403,287.8653222614123,60.44464496941821,0.0,359.474299455351,0.0
26,49,3508.7338931109375,-5311.785183384216,304.7298020813555,66.2231048182885,0.0,229.986597579226,4009.990704399799,-4238.393978504035,287.8653222614123,60.44464496941821,0.0,359.474299455351,0.0
27,0,-2086.8029212749684,-3469.496687946624,-227.83527171592232,68.09942549634562,0.0,261.1105644329183,-7216.207994497811,-3120.133155855423,-202.4646403921508,69.27985157872632,0.0,466.86993251585506,0.0
27,1,-2154.0843620174605,-3480.019970920432,-227.83527171592232,68.09942549634562,0.0,261.1105644329183,-7149.9095316355815,-3140.238171569813,-202.4646403921508,69.27985157872632,0.0,466.86993251585506,0.0
27,2,-2221.365802759953,-3490.5432538942396,-227.83527171592232,68.09942549634562,0.0,261.1105644329183,-7083.611068773351,-3160.343187284203,-202.4646403921508,69.27985157872632,0.0,466.86993251585506,0.0
27,3,-2288.6472435024452,-3501.0665368680475,-227.83527171592232,68.09942549634562,0.0,261.1105644329183,-7017.312605911122,-3180.448202998593,-202.4646403921508,69.27985157872632,0.0,466.86993251585506,0.0
27,4,-2355.928684244938,-3511.5898198418554,-227.83527171592232,68.09942549634562,0.0,261.1105644329183,-6951.014143048891,-3200.553218712983,-202.4646403921508,69.27985157872632,0.0,466.86993251585506,0.0
27,5,-2423.2101249874295,-3522.113102815663,-227.83527171592232,68.09942549634562,0.0,261.1105644329183,-6884.715680186661,-3220.658234427373,-202.4646403921508,69.27985157872632,0.0,466.86993251585506,0.0
27,6,-2490.491565729922,-3532.6363857894708,-227.83527171592232,68.09942549634562,0.0,261.1105644329183,-6818.4172173244315,-3240.763250141763,-202.4646403921508,69.27985157872632,0.0,466.86993251585506,0.0
27,7,-2557.773006472414,-3543.159668763278,-227.83527171592232,68.09942549634562,0.0,261.1105644329183,-6752.118754462202,-3260.868265856153,-202.4646403921508,69.27985157872632,0.0,466.86993251585506,0.0
27,8,-2625.0544472149068,-3553.682951737086,-227.83527171592232,68.09942549634562,0.0,261.1105644329183,-6685.820291599972,-3280.973281570543,-202.4646403921508,69.27985157872632,0.0,466.86993251585506,0.0
27,9,-2692.335887957399,-3564.206234710894,-227.83527171592232,68.09942549634562,0.0,261.1105644329183,-6619.521828737742,-3301.078297284933,-202.4646403921508,69.27985157872632,0.0,466.86993251585506,0.0
27,10,-2759.617328699891,-3574.7295176847015,-227.83527171592232,68.09942549634562,0.0,261.1105644329183,-6553.223365875512,-3321.183312999323,-202.4646403921508,69.27985157872632,0.0,466.86993251585506,0.0
27,11,-2826.898769442383,-3585.2528006585094,-227.83527171592232,68.09942549634562,0.0,261.1105644329183,-6486.924903013281,-3341.288328713713,-202.4646403921508,69.27985157872632,0.0,466.86993251585506,0.0
27,12,-2894.1802101848752,-3595.776083632317,-227.83527171592232,68.09942549634562,0.0,261.1105644329183,-6420.6264401510525,-3361.393344428103,-202.4646403921508,69.27985157872632,0.0,466.86993251585506,0.0
27,13,-2961.461650927368,-3606.2993666061247,-227.83527171592232,68.09942549634562,0.0,261.1105644329183,-6354.327977288822,-3381.498360142493,-202.4646403921508,69.27985157872632,0.0,466.86993251585506,0.0
27,14,-3028.74309166986,-3616.8226495799327,-227.83527171592232,68.09942549634562,0.0,261.1105644329183,-6288.029514426592,-3401.603375856883,-202.4646403921508,69.27985157872632,0.0,466.86993251585506,0.0
27,15,-3096.0245324123525,-3627.34593255374,-227.83527171592232,68.09942549634562,0.0,261.1105644329183,-6221.731051564362,-3421.708391571273,-202.4646403921508,69.27985157872632,0.0,466.86993251585506,0.0
27,16,-3163.3059731548447,-3637.869215527548,-227.83527171592232,68.09942549634562,0.0,261.1105644329183,-6155.432588702132,-3441.813407285663,-202.4646403921508,69.27985157872632,0.0,466.86993251585506,0.0
27,17,-3230.587413897337,-3648.3924985013555,-227.83527171592232,68.09942549634562,0.0,261.1105644329183,-6089.1341258399025,-3461.918423000053,-202.4646403921508,69.27985157872632,0.0,466.86993251585506,0.0
27,18,-3297.868854639829,-3658.9157814751634,-227.83527171592232,68.09942549634562,0.0,261.1105644329183,-6022.835662977673,-3482.023438714443,-202.4646403921508,69.27985157872632,0.0,466.86993251585506,0.0
27,19,-3365.150295382321,-3669.4390644489713,-227.83527171592232,68.09942549634562,0.0,261.1105644329183,-5956.537200115443,-3502.128454428833,-202.4646403921508,69.27985157872632,0.0,466.86993251585506,0.0
27,20,-3432.431736124813,-3679.9623474227787,-227.83527171592232,68.09942549634562,0.0,261.1105644329183,-5890.238737253213,-3522.233470143223,-202.4646403921508,69.27985157872632,0.0,466.86993251585506,0.0
27,21,-3499.7131768673057,-3690.4856303965867,-227.83527171592232,68.09942549634562,0.0,261.1105644329183,-5823.940274390983,-3542.338485857613,-202.4646403921508,69.27985157872632,0.0,466.86993251585506,0.0
27,22,-3566.994617609798,-3701.0089133703946,-227.83527171592232,68.09942549634562,0.0,261.1105644329183,-5757.641811528752,-3562.443501572003,-202.4646403921508,69.27985157872632,0.0,466.86993251585506,0.0
27,23,-3634.2760583522904,-3711.532196344202,-227.83527171592232,68.09942549634562,0.0,261.1105644329183,-5691.3433486665235,-3582.548517286393,-202.4646403921508,69.27985157872632,0.0,466.86993251585506,0.0
27,24,-3701.5574990947825,-3722.05547931801,-227.83527171592232,68.09942549634562,0.0,261.1105644329183,-5625.044885804293,-3602.6535330007828,-202.4646403921508,69.27985157872632,0.0,466.86993251585506,0.0
27,25,-3768.8389398372747,-3732.5787622918174,-227.83527171592232,68.09942549634562,0.0,261.1105644329183,-5558.746422942063,-3622.7585487151728,-202.4646403921508,69.27985157872632,0.0,466.86993251585506,0.0
27,26,-3836.120380579767,-3743.1020452656253,-227.83527171592232,68.09942549634562,0.0,261.1105644329183,-5492.447960079833,-3642.8635644295628,-202.4646403921508,69.27985157872632,0.0,466.86993251585506,0.0
27,27,-3903.4018213222594,-3753.625328239433,-227.83527171592232,68.09942549634562,0.0,261.1105644329183,-5426.149497217603,-3662.9685801439527,-202.4646403921508,69.27985157872632,0.0,466.86993251585506,0.0
27,28,-3970.6832620647515,-3764.1486112132407,-227.83527171592232,68.09942549634562,0.0,261.1105644329183,-5359.8510343553735,-3683.0735958583427,-202.4646403921508,69.27985157872632,0.0,466.86993251585506,0.0
27,29,-4037.9647028072436,-3774.6718941870486,-227.83527171592232,68.09942549634562,0.0,261.1105644329183,-5293.552571493144,-3703.1786115727327,-202.4646403921508,69.27985157872632,0.0,466.86993251585506,0.0
27,30,-4105.246143549736,-3785.1951771608565,-227.83527171592232,68.09942549634562,0.0,261.1105644329183,-5227.254108630914,-3723.2836272871227,-202.4646403921508,69.27985157872632,0.0,466.86993251585506,0.0
27,31,-4172.527584292228,-3795.718460134664,-227.83527171592232,68.09942549634562,0.0,261.1105644329183,-5160.955645768684,-3743.3886430015127,-202.4646403921508,69.27985157872632,0.0,466.86993251585506,0.0
27,32,-4239.80902503472,-3806.241743108472,-227.83527171592232,68.09942549634562,0.0,261.1105644329183,-5094.657182906454,-3763.4936587159027,-202.4646403921508,69.27985157872632,0.0,466.86993251585506,0.0
27,33,-4307.090465777213,-3816.7650260822793,-227.83527171592232,68.09942549634562,0.0,261.1105644329183,-5028.358720044224,-3783.5986744302927,-202.4646403921508,69.27985157872632,0.0,466.86993251585506,0.0
27,34,-4374.371906519705,-3827.288309056087,-227.83527171592232,68.09942549634562,0.0,261.1105644329183,-4962.0602571819945,-3803.7036901446827,-202.4646403921508,69.27985157872632,0.0,466.86993251585506,0.0
27,35,-4441.653347262197,-3837.811592029895,-227.83527171592232,68.09942549634562,0.0,261.1105644329183,-4895.761794319764,-3823.8087058590727,-202.4646403921508,69.27985157872632,0.0,466.86993251585506,0.0
27,36,-4508.93478800469,-3848.3348750037026,-227.83527171592232,68.09942549634562,0.0,261.1105644329183,-4829.463331457534,-3843.9137215734627,-202.4646403921508,69.27985157872632,0.0,466.86993251585506,0.0
27,37,-4576.216228747182,-3858.8581579775105,-227.83527171592232,68.09942549634562,0.0,261.1105644329183,-4763.164868595304,-3864.0187372878527,-202.4646403921508,69.27985157872632,0.0,466.86993251585506,0.0
27,38,-4643.497669489674,-3869.381440951318,-227.83527171592232,68.09942549634562,0.0,261.1105644329183,-4696.866405733074,-3884.1237530022427,-202.4646403921508,69.27985157872632,0.0,466.86993251585506,0.0
27,39,-4710.779110232166,-3879.904723925126,-227.83527171592232,68.09942549634562,0.0,261.1105644329183,-4630.5679428708445,-3904.2287687166327,-202.4646403921508,69.27985157872632,0.0,466.86993251585506,0.0
27,40,-4778.060550974658,-3890.4280068989337,-227.83527171592232,68.09942549634562,0.0,261.1105644329183,-4564.269480008615,-3924.3337844310227,-202.4646403921508,69.27985157872632,0.0,466.86993251585506,0.0
27,41,-4845.34199171715,-3900.951289872741,-227.83527171592232,68.09942549634562,0.0,261.1105644329183,-4497.971017146385,-3944.4388001454126,-202.4646403921508,69.27985157872632,0.0,466.86993251585506,0.0
27,42,-4912.623432459643,-3911.474572846549,-227.83527171592232,68.09942549634562,0.0,261.1105644329183,-4431.672554284155,-3964.5438158598026,-202.4646403921508,69.27985157872632,0.0,466.86993251585506,0.0
27,43,-4979.904873202136,-3921.9978558203566,-227.83527171592232,68.09942549634562,0.0,261.1105644329183,-4365.374091421925,-3984.6488315741926,-202.4646403921508,69.27985157872632,0.0,466.86993251585506,0.0
27,44,-5047.186313944628,-3932.5211387941645,-227.83527171592232,68.09942549634562,0.0,261.1105644329183,-4299.075628559694,-4004.7538472885826,-202.4646403921508,69.27985157872632,0.0,466.86993251585506,0.0
27,45,-5114.46775468712,-3943.0444217679724,-227.83527171592232,68.09942549634562,0.0,261.1105644329183,-4232.7771656974655,-4024.8588630029726,-202.4646403921508,69.27985157872632,0.0,466.86993251585506,0.0
27,46,-5181.749195429612,-3953.56770474178,-227.83527171592232,68.09942549634562,0.0,261.1105644329183,-4166.478702835235,-4044.9638787173626,-202.4646403921508,69.27985157872632,0.0,466.86993251585506,0.0
27,47,-5249.030636172104,-3964.0909877155877,-227.83527171592232,68.09942549634562,0.0,261.1105644329183,-4100.180239973005,-4065.0688944317526,-202.4646403921508,69.27985157872632,0.0,466.86993251585506,0.0
27,48,-5316.312076914596,-3974.614270689395,-227.83527171592232,68.09942549634562,0.0,261.1105644329183,-4033.881777110775,-4085.1739101461426,-202.4646403921508,69.27985157872632,0.0,466.86993251585506,0.0
27,49,-5383.593517657088,-3985.137553663203,-227.83527171592232,68.09942549634562,0.0,261.1105644329183,-3967.5833142485453,-4105.278925860533,-202.4646403921508,69.27985157872632,0.0,466.86993251585506,0.0
28,0,2922.997883306103,-4887.95337603455,-201.11343341565458,63.74902174068424,0.0,322.54678640063923,2897.4087930965643,-951.3752252200293,-176.22789913084205,64.37950673737697,0.0,577.1330598670577,0.0
28,1,2884.2312494434545,-4837.3462038960715,-201.11343341565458,63.74902174068424,0.0,322.54678640063923,2858.5449388398665,-1002.700869103591,-176.22789913084205,64.37950673737697,0.0,577.1330598670577,0.0
28,2,2845.464615580806,-4786.739031757594,-201.11343341565458,63.74902174068424,0.0,322.54678640063923,2819.6810845831696,-1054.0265129871525,-176.22789913084205,64.37950673737697,0.0,577.1330598670577,0.0
28,3,2806.6979817181573,-4736.131859619115,-201.11343341565458,63.74902174068424,0.0,322.54678640063923,2780.817230326473,-1105.352156870714,-176.22789913084205,64.37950673737697,0.0,577.1330598670577,0.0
28,4,2767.931347855509,-4685.524687480636,-201.11343341565458,63.74902174068424,0.0,322.54678640063923,2741.953376069776,-1156.6778007542755,-176.22789913084205,64.37950673737697,0.0,577.1330598670577,0.0
28,5,2729.1647139928605,-4634.917515342158,-201.11343341565458,63.74902174068424,0.0,322.54678640063923,2703.0895218130786,-1208.003444637837,-176.22789913084205,64.37950673737697,0.0,577.1330598670577,0.0
28,6,2690.3980801302123,-4584.3103432036805,-201.11343341565458,63.74902174068424,0.0,322.54678640063923,2664.2256675563817,-1259.3290885213985,-176.22789913084205,64.37950673737697,0.0,577.1330598670577,0.0
28,7,2651.6314462675637,-4533.703171065202,-201.11343341565458,63.74902174068424,0.0,322.54678640063923,2625.3618132996844,-1310.65473240496,-176.22789913084205,64.37950673737697,0.0,577.1330598670577,0.0
28,8,2612.864812404915,-4483.095998926723,-201.11343341565458,63.74902174068424,0.0,322.54678640063923,2586.4979590429875,-1361.9803762885217,-176.22789913084205,64.37950673737697,0.0,577.1330598670577,0.0
28,9,2574.0981785422664,-4432.488826788244,-201.11343341565458,63.74902174068424,0.0,322.54678640063923,2547.6341047862907,-1413.3060201720832,-176.22789913084205,64.37950673737697,0.0,577.1330598670577,0.0
28,10,2535.331544679618,-4381.8816546497665,-201.11343341565458,63.74902174068424,0.0,322.54678640063923,2508.770250529594,-1464.6316640556447,-176.22789913084205,64.37950673737697,0.0,577.1330598670577,0.0
28,11,2496.5649108169696,-4331.274482511288,-201.11343341565458,63.74902174068424,0.0,322.54678640063923,2469.9063962728965,-1515.9573079392062,-176.22789913084205,64.37950673737697,0.0,577.1330598670577,0.0
28,12,2457.7982769543214,-4280.667310372809,-201.11343341565458,63.74902174068424,0.0,322.54678640063923,2431.042542016199,-1567.2829518227677,-176.22789913084205,64.37950673737697,0.0,577.1330598670577,0.0
28,13,2419.031643091673,-4230.060138234331,-201.11343341565458,63.74902174068424,0.0,322.54678640063923,2392.1786877595023,-1618.6085957063292,-176.22789913084205,64.37950673737697,0.0,577.1330598670577,0.0
28,14,2380.265009229024,-4179.452966095852,-201.11343341565458,63.74902174068424,0.0,322.54678640063923,2353.3148335028054,-1669.934239589891,-176.22789913084205,64.37950673737697,0.0,577.1330598670577,0.0
28,15,2341.4983753663755,-4128.845793957374,-201.11343341565458,63.74902174068424,0.0,322.54678640063923,2314.450979246108,-1721.2598834734524,-176.22789913084205,64.37950673737697,0.0,577.1330598670577,0.0
28,16,2302.7317415037273,-4078.238621818896,-201.11343341565458,63.74902174068424,0.0,322.54678640063923,2275.5871249894117,-1772.585527357014,-176.22789913084205,64.37950673737697,0.0,577.1330598670577,0.0
28,17,2263.9651076410787,-4027.631449680417,-201.11343341565458,63.74902174068424,0.0,322.54678640063923,2236.7232707327144,-1823.9111712405754,-176.22789913084205,64.37950673737697,0.0,577.1330598670577,0.0
28,18,2225.19847377843,-3977.024277541939,-201.11343341565458,63.74902174068424,0.0,322.54678640063923,2197.859416476017,-1875.236815124137,-176.22789913084205,64.37950673737697,0.0,577.1330598670577,0.0
28,19,2186.431839915782,-3926.4171054034605,-201.11343341565458,63.74902174068424,0.0,322.54678640063923,2158.99556221932,-1926.5624590076984,-176.22789913084205,64.37950673737697,0.0,577.1330598670577,0.0
28,20,2147.6652060531333,-3875.8099332649817,-201.11343341565458,63.74902174068424,0.0,322.54678640063923,2120.1317079626233,-1977.88810289126,-176.22789913084205,64.37950673737697,0.0,577.1330598670577,0.0
28,21,2108.8985721904846,-3825.2027611265034,-201.11343341565458,63.74902174068424,0.0,322.54678640063923,2081.267853705926,-2029.2137467748216,-176.22789913084205,64.37950673737697,0.0,577.1330598670577,0.0
28,22,2070.131938327836,-3774.5955889880247,-201.11343341565458,63.74902174068424,0.0,322.54678640063923,2042.403999449229,-2080.539390658383,-176.22789913084205,64.37950673737697,0.0,577.1330598670577,0.0
28,23,2031.3653044651878,-3723.9884168495464,-201.11343341565458,63.74902174068424,0.0,322.54678640063923,2003.540145192532,-2131.8650345419446,-176.22789913084205,64.37950673737697,0.0,577.1330598670577,0.0
28,24,1992.5986706025392,-3673.381244711068,-201.11343341565458,63.74902174068424,0.0,322.54678640063923,1964.676290935835,-2183.190678425506,-176.22789913084205,64.37950673737697,0.0,577.1330598670577,0.0
28,25,1953.8320367398908,-3622.77407257259,-201.11343341565458,63.74902174068424,0.0,322.54678640063923,1925.8124366791378,-2234.5163223090676,-176.22789913084205,64.37950673737697,0.0,577.1330598670577,0.0
28,26,1915.0654028772424,-3572.166900434111,-201.11343341565458,63.74902174068424,0.0,322.54678640063923,1886.9485824224407,-2285.841966192629,-176.22789913084205,64.37950673737697,0.0,577.1330598670577,0.0
28,27,1876.2987690145937,-3521.559728295633,-201.11343341565458,63.74902174068424,0.0,322.54678640063923,1848.0847281657439,-2337.1676100761906,-176.22789913084205,64.37950673737697,0.0,577.1330598670577,0.0
28,28,1837.5321351519453,-3470.9525561571545,-201.11343341565458,63.74902174068424,0.0,322.54678640063923,1809.2208739090468,-2388.493253959752,-176.22789913084205,64.37950673737697,0.0,577.1330598670577,0.0
28,29,1798.765501289297,-3420.3453840186758,-201.11343341565458,63.74902174068424,0.0,322.54678640063923,1770.3570196523497,-2439.8188978433136,-176.22789913084205,64.37950673737697,0.0,577.1330598670577,0.0
28,30,1759.9988674266483,-3369.7382118801975,-201.11343341565458,63.74902174068424,0.0,322.54678640063923,1731.4931653956526,-2491.1445417268756,-176.22789913084205,64.37950673737697,0.0,577.1330598670577,0.0
28,31,1721.232233564,-3319.131039741719,-201.11343341565458,63.74902174068424,0.0,322.54678640063923,1692.6293111389555,-2542.470185610437,-176.22789913084205,64.37950673737697,0.0,577.1330598670577,0.0
28,32,1682.4655997013515,-3268.5238676032404,-201.11343341565458,63.74902174068424,0.0,322.54678640063923,1653.7654568822584,-2593.7958294939986,-176.22789913084205,64.37950673737697,0.0,577.1330598670577,0.0
28,33,1643.6989658387029,-3217.916695464762,-201.11343341565458,63.74902174068424,0.0,322.54678640063923,1614.9016026255615,-2645.12147337756,-176.22789913084205,64.37950673737697,0.0,577.1330598670577,0.0
28,34,1604.9323319760545,-3167.309523326284,-201.11343341565458,63.74902174068424,0.0,322.54678640063923,1576.0377483688644,-2696.4471172611215,-176.22789913084205,64.37950673737697,0.0,577.1330598670577,0.0
28,35,1566.165698113406,-3116.702351187805,-201.11343341565458,63.74902174068424,0.0,322.54678640063923,1537.1738941121673,-2747.772761144683,-176.22789913084205,64.37950673737697,0.0,577.1330598670577,0.0
28,36,1527.3990642507574,-3066.095179049327,-201.11343341565458,63.74902174068424,0.0,322.54678640063923,1498.3100398554702,-2799.0984050282445,-176.22789913084205,64.37950673737697,0.0,577.1330598670577,0.0
28,37,1488.632430388109,-3015.4880069108485,-201.11343341565458,63.74902174068424,0.0,322.54678640063923,1459.4461855987734,-2850.424048911806,-176.22789913084205,64.37950673737697,0.0,577.1330598670577,0.0
28,38,1449.8657965254604,-2964.88083477237,-201.11343341565458,63.74902174068424,0.0,322.54678640063923,1420.5823313420763,-2901.7496927953675,-176.22789913084205,64.37950673737697,0.0,577.1330598670577,0.0
28,39,1411.099162662812,-2914.2736626338915,-201.11343341565458,63.74902174068424,0.0,322.54678640063923,1381.7184770853792,-2953.075336678929,-176.22789913084205,64.37950673737697,0.0,577.1330598670577,0.0
28,40,1372.3325288001636,-2863.666490495413,-201.11343341565458,63.74902174068424,0.0,322.54678640063923,1342.854622828682,-3004.4009805624905,-176.22789913084205,64.37950673737697,0.0,577.1330598670577,0.0
28,41,1333.565894937515,-2813.0593183569345,-201.11343341565458,63.74902174068424,0.0,322.54678640063923,1303.990768571985,-3055.7266244460525,-176.22789913084205,64.37950673737697,0.0,577.1330598670577,0.0
28,42,1294.7992610748665,-2762.452146218456,-201.11343341565458,63.74902174068424,0.0,322.54678640063923,1265.126914315288,-3107.052268329614,-176.22789913084205,64.37950673737697,0.0,577.1330598670577,0.0
28,43,1256.032627212218,-2711.844974079978,-201.11343341565458,63.74902174068424,0.0,322.54678640063923,1226.263060058591,-3158.3779122131755,-176.22789913084205,64.37950673737697,0.0,577.1330598670577,0.0
28,44,1217.2659933495695,-2661.237801941499,-201.11343341565458,63.74902174068424,0.0,322.54678640063923,1187.399205801894,-3209.703556096737,-176.22789913084205,64.37950673737697,0.0,577.1330598670577,0.0
28,45,1178.499359486921,-2610.630629803021,-201.11343341565458,63.74902174068424,0.0,322.54678640063923,1148.5353515451968,-3261.0291999802985,-176.22789913084205,64.37950673737697,0.0,577.1330598670577,0.0
28,46,1139.7327256242725,-2560.0234576645425,-201.11343341565458,63.74902174068424,0.0,322.54678640063923,1109.6714972884997,-3312.35484386386,-176.22789913084205,64.37950673737697,0.0,577.1330598670577,0.0
28,47,1100.966091761624,-2509.416285526064,-201.11343341565458,63.74902174068424,0.0,322.54678640063923,1070.8076430318029,-3363.6804877474215,-176.22789913084205,64.37950673737697,0.0,577.1330598670577,0.0
28,48,1062.1994578989757,-2458.8091133875855,-201.11343341565458,63.74902174068424,0.0,322.54678640063923,1031.9437887751058,-3415.006131630983,-176.22789913084205,64.37950673737697,0.0,577.1330598670577,0.0
28,49,1023.432824036327,-2408.201941249107,-201.11343341565458,63.74902174068424,0.0,322.54678640063923,993.0799345184087,-3466.3317755145445,-176.22789913084205,64.37950673737697,0.0,577.1330598670577,0.0
29,0,-7040.550464468397,1349.0911435734488,-64.34366558780715,64.6815634411441,0.0,83.30937037804105,-2329.038789470065,2339.189274370036,-78.15347803368583,60.36556394091946,0.0,252.48552931924985,0.0
29,1,-6976.309400775967,1356.6270831204492,-64.34366558780715,64.6815634411441,0.0,83.30937037804105,-2386.6058646486745,2321.022459423945,-78.15347803368583,60.36556394091946,0.0,252.48552931924985,0.0
29,2,-6912.068337083539,1364.1630226674497,-64.34366558780715,64.6815634411441,0.0,83.30937037804105,-2444.172939827284,2302.8556444778537,-78.15347803368583,60.36556394091946,0.0,252.48552931924985,0.0
29,3,-6847.827273391109,1371.6989622144501,-64.34366558780715,64.6815634411441,0.0,83.30937037804105,-2501.740015005894,2284.688829531762,-78.15347803368583,60.36556394091946,0.0,252.48552931924985,0.0
29,4,-6783.58620969868,1379.2349017614504,-64.34366558780715,64.6815634411441,0.0,83.30937037804105,-2559.3070901845035,2266.522014585671,-78.15347803368583,60.36556394091946,0.0,252.48552931924985,0.0
29,5,-6719.3451460062515,1386.7708413084508,-64.34366558780715,64.6815634411441,0.0,83.30937037804105,-2616.874165363113,2248.35519963958,-78.15347803368583,60.36556394091946,0.0,252.48552931924985,0.0
29,6,-6655.104082313823,1394.3067808554513,-64.34366558780715,64.6815634411441,0.0,83.30937037804105,-2674.4412405417233,2230.1883846934893,-78.15347803368583,60.36556394091946,0.0,252.48552931924985,0.0
29,7,-6590.863018621394,1401.8427204024515,-64.34366558780715,64.6815634411441,0.0,83.30937037804105,-2732.008315720333,2212.0215697473977,-78.15347803368583,60.36556394091946,0.0,252.48552931924985,0.0
29,8,-6526.621954928965,1409.378659949452,-64.34366558780715,64.6815634411441,0.0,83.30937037804105,-2789.5753908989427,2193.8547548013066,-78.15347803368583,60.36556394091946,0.0,252.48552931924985,0.0
29,9,-6462.380891236536,1416.9145994964524,-64.34366558780715,64.6815634411441,0.0,83.30937037804105,-2847.1424660775524,2175.6879398552155,-78.15347803368583,60.36556394091946,0.0,252.48552931924985,0.0
29,10,-6398.139827544107,1424.4505390434526,-64.34366558780715,64.6815634411441,0.0,83.30937037804105,-2904.709541256162,2157.5211249091244,-78.15347803368583,60.36556394091946,0.0,252.48552931924985,0.0
29,11,-6333.898763851678,1431.986478590453,-64.34366558780715,64.6815634411441,0.0,83.30937037804105,-2962.276616434772,2139.3543099630333,-78.15347803368583,60.36556394091946,0.0,252.48552931924985,0.0
29,12,-6269.6577001592495,1439.5224181374535,-64.34366558780715,64.6815634411441,0.0,83.30937037804105,-3019.843691613382,2121.187495016942,-78.15347803368583,60.36556394091946,0.0,252.48552931924985,0.0
29,13,-6205.416636466821,1447.0583576844538,-64.34366558780715,64.6815634411441,0.0,83.30937037804105,-3077.4107667919916,2103.020680070851,-78.15347803368583,60.36556394091946,0.0,252.48552931924985,0.0
29,14,-6141.175572774391,1454.5942972314542,-64.34366558780715,64.6815634411441,0.0,83.30937037804105,-3134.9778419706017,2084.85386512476,-78.15347803368583,60.36556394091946,0.0,252.48552931924985,0.0
29,15,-6076.9345090819625,1462.1302367784547,-64.34366558780715,64.6815634411441,0.0,83.30937037804105,-3192.5449171492114,2066.687050178669,-78.15347803368583,60.36556394091946,0.0,252.48552931924985,0.0
29,16,-6012.693445389534,1469.666176325455,-64.34366558780715,64.6815634411441,0.0,83.30937037804105,-3250.111992327821,2048.5202352325778,-78.15347803368583,60.36556394091946,0.0,252.48552931924985,0.0
29,17,-5948.452381697105,1477.2021158724554,-64.34366558780715,64.6815634411441,0.0,83.30937037804105,-3307.6790675064312,2030.3534202864864,-78.15347803368583,60.36556394091946,0.0,252.48552931924985,0.0
29,18,-5884.211318004676,1484.7380554194558,-64.34366558780715,64.6815634411441,0.0,83.30937037804105,-3365.246142685041,2012.1866053403953,-78.15347803368583,60.36556394091946,0.0,252.48552931924985,0.0
29,19,-5819.970254312248,1492.273994966456,-64.34366558780715,64.6815634411441,0.0,83.30937037804105,-3422.8132178636506,1994.0197903943042,-78.15347803368583,60.36556394091946,0.0,252.48552931924985,0.0
29,20,-5755.729190619819,1499.8099345134565,-64.34366558780715,64.6815634411441,0.0,83.30937037804105,-3480.3802930422607,1975.8529754482129,-78.15347803368583,60.36556394091946,0.0,252.48552931924985,0.0
29,21,-5691.488126927389,1507.345874060457,-64.34366558780715,64.6815634411441,0.0,83.30937037804105,-3537.9473682208704,1957.6861605021218,-78.15347803368583,60.36556394091946,0.0,252.48552931924985,0.0
29,22,-5627.2470632349605,1514.8818136074572,-64.34366558780715,64.6815634411441,0.0,83.30937037804105,-3595.51444339948,1939.5193455560307,-78.15347803368583,60.36556394091946,0.0,252.48552931924985,0.0
29,23,-5563.005999542532,1522.4177531544576,-64.34366558780715,64.6815634411441,0.0,83.30937037804105,-3653.08151857809,1921.3525306099395,-78.15347803368583,60.36556394091946,0.0,252.48552931924985,0.0
29,24,-5498.764935850103,1529.953692701458,-64.34366558780715,64.6815634411441,0.0,83.30937037804105,-3710.6485937566995,1903.1857156638484,-78.15347803368583,60.36556394091946,0.0,252.48552931924985,0.0
29,25,-5434.523872157673,1537.4896322484583,-64.34366558780715,64.6815634411441,0.0,83.30937037804105,-3768.2156689353096,1885.0189007177573,-78.15347803368583,60.36556394091946,0.0,252.48552931924985,0.0
29,26,-5370.282808465245,1545.0255717954587,-64.34366558780715,64.6815634411441,0.0,83.30937037804105,-3825.7827441139193,1866.8520857716662,-78.15347803368583,60.36556394091946,0.0,252.48552931924985,0.0
29,27,-5306.041744772816,1552.5615113424592,-64.34366558780715,64.6815634411441,0.0,83.30937037804105,-3883.349819292529,1848.685270825575,-78.15347803368583,60.36556394091946,0.0,252.48552931924985,0.0
29,28,-5241.800681080387,1560.0974508894597,-64.34366558780715,64.6815634411441,0.0,83.30937037804105,-3940.916894471139,1830.5184558794838,-78.15347803368583,60.36556394091946,0.0,252.48552931924985,0.0
29,29,-5177.5596173879585,1567.6333904364599,-64.34366558780715,64.6815634411441,0.0,83.30937037804105,-3998.483969649749,1812.3516409333927,-78.15347803368583,60.36556394091946,0.0,252.48552931924985,0.0
29,30,-5113.31855369553,1575.1693299834603,-64.34366558780715,64.6815634411441,0.0,83.30937037804105,-4056.0510448283585,1794.1848259873016,-78.15347803368583,60.36556394091946,0.0,252.48552931924985,0.0
29,31,-5049.077490003101,1582.7052695304608,-64.34366558780715,64.6815634411441,0.0,83.30937037804105,-4113.618120006969,1776.0180110412105,-78.15347803368583,60.36556394091946,0.0,252.48552931924985,0.0
29,32,-4984.836426310671,1590.241209077461,-64.34366558780715,64.6815634411441,0.0,83.30937037804105,-4171.185195185579,1757.8511960951191,-78.15347803368583,60.36556394091946,0.0,252.48552931924985,0.0
29,33,-4920.595362618243,1597.7771486244615,-64.34366558780715,64.6815634411441,0.0,83.30937037804105,-4228.752270364188,1739.684381149028,-78.15347803368583,60.36556394091946,0.0,252.48552931924985,0.0
29,34,-4856.354298925814,1605.313088171462,-64.34366558780715,64.6815634411441,0.0,83.30937037804105,-4286.319345542798,1721.517566202937,-78.15347803368583,60.36556394091946,0.0,252.48552931924985,0.0
29,35,-4792.113235233385,1612.8490277184621,-64.34366558780715,64.6815634411441,0.0,83.30937037804105,-4343.886420721407,1703.3507512568458,-78.15347803368583,60.36556394091946,0.0,252.48552931924985,0.0
29,36,-4727.8721715409565,1620.3849672654626,-64.34366558780715,64.6815634411441,0.0,83.30937037804105,-4401.4534959000175,1685.1839363107547,-78.15347803368583,60.36556394091946,0.0,252.48552931924985,0.0
29,37,-4663.631107848527,1627.920906812463,-64.34366558780715,64.6815634411441,0.0,83.30937037804105,-4459.020571078628,1667.0171213646636,-78.15347803368583,60.36556394091946,0.0,252.48552931924985,0.0
29,38,-4599.390044156098,1635.4568463594633,-64.34366558780715,64.6815634411441,0.0,83.30937037804105,-4516.587646257237,1648.8503064185722,-78.15347803368583,60.36556394091946,0.0,252.48552931924985,0.0
29,39,-4535.148980463669,1642.9927859064637,-64.34366558780715,64.6815634411441,0.0,83.30937037804105,-4574.154721435847,1630.6834914724811,-78.15347803368583,60.36556394091946,0.0,252.48552931924985,0.0
29,40,-4470.907916771241,1650.5287254534642,-64.34366558780715,64.6815634411441,0.0,83.30937037804105,-4631.721796614457,1612.51667652639,-78.15347803368583,60.36556394091946,0.0,252.48552931924985,0.0
29,41,-4406.666853078812,1658.0646650004644,-64.34366558780715,64.6815634411441,0.0,83.30937037804105,-4689.288871793066,1594.349861580299,-78.15347803368583,60.36556394091946,0.0,252.48552931924985,0.0
29,42,-4342.425789386382,1665.6006045474649,-64.34366558780715,64.6815634411441,0.0,83.30937037804105,-4746.8559469716765,1576.1830466342078,-78.15347803368583,60.36556394091946,0.0,252.48552931924985,0.0
29,43,-4278.184725693954,1673.1365440944653,-64.34366558780715,64.6815634411441,0.0,83.30937037804105,-4804.423022150287,1558.0162316881167,-78.15347803368583,60.36556394091946,0.0,252.48552931924985,0.0
29,44,-4213.943662001525,1680.6724836414655,-64.34366558780715,64.6815634411441,0.0,83.30937037804105,-4861.990097328896,1539.8494167420254,-78.15347803368583,60.36556394091946,0.0,252.48552931924985,0.0
29,45,-4149.702598309096,1688.208423188466,-64.34366558780715,64.6815634411441,0.0,83.30937037804105,-4919.557172507506,1521.6826017959343,-78.15347803368583,60.36556394091946,0.0,252.48552931924985,0.0
29,46,-4085.4615346166674,1695.7443627354664,-64.34366558780715,64.6815634411441,0.0,83.30937037804105,-4977.124247686115,1503.5157868498432,-78.15347803368583,60.36556394091946,0.0,252.48552931924985,0.0
29,47,-4021.2204709242383,1703.2803022824667,-64.34366558780715,64.6815634411441,0.0,83.30937037804105,-5034.691322864725,1485.348971903752,-78.15347803368583,60.36556394091946,0.0,252.48552931924985,0.0
29,48,-3956.9794072318095,1710.8162418294671,-64.34366558780715,64.6815634411441,0.0,83.30937037804105,-5092.258398043336,1467.182156957661,-78.15347803368583,60.36556394091946,0.0,252.48552931924985,0.0
29,49,-3892.7383435393804,1718.3521813764676,-64.34366558780715,64.6815634411441,0.0,83.30937037804105,-5149.825473221945,1449.0153420115698,-78.15347803368583,60.36556394091946,0.0,252.48552931924985,0.0
30,0,-3015.3888023423387,-1581.70755292699,46.10847749435777,61.825146251412654,0.0,26.017405471644878,-756.7031465303303,2853.99473056547,18.08877184342576,68.03275876484264,0.0,207.89469830050356,0.0
30,1,-2988.2695627062676,-1526.1477153591036,46.10847749435777,61.825146251412654,0.0,26.017405471644878,-788.5321390719869,2793.8667711876697,18.08877184342576,68.03275876484264,0.0,207.89469830050356,0.0
30,2,-2961.150323070196,-1470.5878777912176,46.10847749435777,61.825146251412654,0.0,26.017405471644878,-820.3611316136437,2733.7388118098693,18.08877184342576,68.03275876484264,0.0,207.89469830050356,0.0
30,3,-2934.031083434125,-1415.0280402233311,46.10847749435777,61.825146251412654,0.0,26.017405471644878,-852.1901241553005,2673.6108524320684,18.08877184342576,68.03275876484264,0.0,207.89469830050356,0.0
30,4,-2906.9118437980537,-1359.4682026554449,46.10847749435777,61.825146251412654,0.0,26.017405471644878,-884.0191166969573,2613.482893054268,18.08877184342576,68.03275876484264,0.0,207.89469830050356,0.0
30,5,-2879.7926041619826,-1303.9083650875584,46.10847749435777,61.825146251412654,0.0,26.017405471644878,-915.8481092386139,2553.3549336764677,18.08877184342576,68.03275876484264,0.0,207.89469830050356,0.0
30,6,-2852.673364525912,-1248.3485275196724,46.10847749435777,61.825146251412654,0.0,26.017405471644878,-947.6771017802708,2493.226974298667,18.08877184342576,68.03275876484264,0.0,207.89469830050356,0.0
30,7,-2825.5541248898408,-1192.788689951786,46.10847749435777,61.825146251412654,0.0,26.017405471644878,-979.5060943219277,2433.0990149208665,18.08877184342576,68.03275876484264,0.0,207.89469830050356,0.0
30,8,-2798.4348852537696,-1137.2288523838997,46.10847749435777,61.825146251412654,0.0,26.017405471644878,-1011.3350868635844,2372.971055543066,18.08877184342576,68.03275876484264,0.0,207.89469830050356,0.0
30,9,-2771.3156456176985,-1081.6690148160135,46.10847749435777,61.825146251412654,0.0,26.017405471644878,-1043.164079405241,2312.8430961652657,18.08877184342576,68.03275876484264,0.0,207.89469830050356,0.0
30,10,-2744.196405981627,-1026.109177248127,46.10847749435777,61.825146251412654,0.0,26.017405471644878,-1074.993071946898,2252.715136787465,18.08877184342576,68.03275876484264,0.0,207.89469830050356,0.0
30,11,-2717.0771663455557,-970.5493396802408,46.10847749435777,61.825146251412654,0.0,26.017405471644878,-1106.8220644885546,2192.587177409664,18.08877184342576,68.03275876484264,0.0,207.89469830050356,0.0
30,12,-2689.9579267094846,-914.9895021123546,46.10847749435777,61.825146251412654,0.0,26.017405471644878,-1138.6510570302114,2132.459218031864,18.08877184342576,68.03275876484264,0.0,207.89469830050356,0.0
30,13,-2662.8386870734134,-859.4296645444681,46.10847749435777,61.825146251412654,0.0,26.017405471644878,-1170.4800495718682,2072.3312586540633,18.08877184342576,68.03275876484264,0.0,207.89469830050356,0.0
30,14,-2635.7194474373423,-803.8698269765819,46.10847749435777,61.825146251412654,0.0,26.017405471644878,-1202.309042113525,2012.2032992762627,18.08877184342576,68.03275876484264,0.0,207.89469830050356,0.0
30,15,-2608.600207801271,-748.3099894086954,46.10847749435777,61.825146251412654,0.0,26.017405471644878,-1234.1380346551819,1952.075339898462,18.08877184342576,68.03275876484264,0.0,207.89469830050356,0.0
30,16,-2581.4809681652,-692.7501518408092,46.10847749435777,61.825146251412654,0.0,26.017405471644878,-1265.9670271968384,1891.9473805206617,18.08877184342576,68.03275876484264,0.0,207.89469830050356,0.0
30,17,-2554.361728529129,-637.1903142729229,46.10847749435777,61.825146251412654,0.0,26.017405471644878,-1297.7960197384955,1831.819421142861,18.08877184342576,68.03275876484264,0.0,207.89469830050356,0.0
30,18,-2527.2424888930577,-581.6304767050365,46.10847749435777,61.825146251412654,0.0,26.017405471644878,-1329.625012280152,1771.6914617650605,18.08877184342576,68.03275876484264,0.0,207.89469830050356,0.0
30,19,-2500.1232492569866,-526.0706391371502,46.10847749435777,61.825146251412654,0.0,26.017405471644878,-1361.454004821809,1711.56350238726,18.08877184342576,68.03275876484264,0.0,207.89469830050356,0.0
30,20,-2473.0040096209154,-470.5108015692638,46.10847749435777,61.825146251412654,0.0,26.017405471644878,-1393.2829973634657,1651.4355430094595,18.08877184342576,68.03275876484264,0.0,207.89469830050356,0.0
30,21,-2445.8847699848443,-414.95096400137754,46.10847749435777,61.825146251412654,0.0,26.017405471644878,-1425.1119899051225,1591.3075836316589,18.08877184342576,68.03275876484264,0.0,207.89469830050356,0.0
30,22,-2418.765530348773,-359.3911264334912,46.10847749435777,61.825146251412654,0.0,26.017405471644878,-1456.9409824467793,1531.1796242538585,18.08877184342576,68.03275876484264,0.0,207.89469830050356,0.0
30,23,-2391.646290712702,-303.83128886560496,46.10847749435777,61.825146251412654,0.0,26.017405471644878,-1488.769974988436,1471.051664876058,18.08877184342576,68.03275876484264,0.0,207.89469830050356,0.0
30,24,-2364.527051076631,-248.27145129771873,46.10847749435777,61.825146251412654,0.0,26.017405471644878,-1520.5989675300928,1410.9237054982575,18.08877184342576,68.03275876484264,0.0,207.89469830050356,0.0
30,25,-2337.4078114405597,-192.71161372983238,46.10847749435777,61.825146251412654,0.0,26.017405471644878,-1552.4279600717496,1350.795746120457,18.08877184342576,68.03275876484264,0.0,207.89469830050356,0.0
30,26,-2310.2885718044886,-137.15177616194603,46.10847749435777,61.825146251412654,0.0,26.017405471644878,-1584.2569526134064,1290.6677867426565,18.08877184342576,68.03275876484264,0.0,207.89469830050356,0.0
30,27,-2283.1693321684174,-81.59193859405968,46.10847749435777,61.825146251412654,0.0,26.017405471644878,-1616.0859451550632,1230.5398273648557,18.08877184342576,68.03275876484264,0.0,207.89469830050356,0.0
30,28,-2256.0500925323463,-26.03210102617345,46.10847749435777,61.825146251412654,0.0,26.017405471644878,-1647.9149376967198,1170.4118679870553,18.08877184342576,68.03275876484264,0.0,207.89469830050356,0.0
30,29,-2228.930852896275,29.527736541712898,46.10847749435777,61.825146251412654,0.0,26.017405471644878,-1679.7439302383766,1110.283908609255,18.08877184342576,68.03275876484264,0.0,207.89469830050356,0.0
30,30,-2201.811613260204,85.08757410959925,46.10847749435777,61.825146251412654,0.0,26.017405471644878,-1711.5729227800334,1050.155949231454,18.08877184342576,68.03275876484264,0.0,207.89469830050356,0.0
30,31,-2174.692373624133,140.64741167748554,46.10847749435777,61.825146251412654,0.0,26.017405471644878,-1743.4019153216902,990.0279898536537,18.08877184342576,68.03275876484264,0.0,207.89469830050356,0.0
30,32,-2147.5731339880617,196.20724924537183,46.10847749435777,61.825146251412654,0.0,26.017405471644878,-1775.230907863347,929.9000304758533,18.08877184342576,68.03275876484264,0.0,207.89469830050356,0.0
30,33,-2120.4538943519906,251.76708681325817,46.10847749435777,61.825146251412654,0.0,26.017405471644878,-1807.0599004050039,869.7720710980527,18.08877184342576,68.03275876484264,0.0,207.89469830050356,0.0
30,34,-2093.3346547159194,307.32692438114447,46.10847749435777,61.825146251412654,0.0,26.017405471644878,-1838.8888929466605,809.6441117202522,18.08877184342576,68.03275876484264,0.0,207.89469830050356,0.0
30,35,-2066.2154150798483,362.88676194903076,46.10847749435777,61.825146251412654,0.0,26.017405471644878,-1870.7178854883173,749.5161523424516,18.08877184342576,68.03275876484264,0.0,207.89469830050356,0.0
30,36,-2039.0961754437772,418.4465995169171,46.10847749435777,61.825146251412654,0.0,26.017405471644878,-1902.546878029974,689.3881929646511,18.08877184342576,68.03275876484264,0.0,207.89469830050356,0.0
30,37,-2011.976935807706,474.0064370848034,46.10847749435777,61.825146251412654,0.0,26.017405471644878,-1934.375870571631,629.2602335868506,18.08877184342576,68.03275876484264,0.0,207.89469830050356,0.0
30,38,-1984.8576961716349,529.5662746526897,46.10847749435777,61.825146251412654,0.0,26.017405471644878,-1966.2048631132877,569.13227420905,18.08877184342576,68.03275876484264,0.0,207.89469830050356,0.0
30,39,-1957.7384565355637,585.126112220576,46.10847749435777,61.825146251412654,0.0,26.017405471644878,-1998.0338556549443,509.00431483124953,18.08877184342576,68.03275876484264,0.0,207.89469830050356,0.0
30,40,-1930.6192168994926,640.6859497884624,46.10847749435777,61.825146251412654,0.0,26.017405471644878,-2029.8628481966011,448.87635545344904,18.08877184342576,68.03275876484264,0.0,207.89469830050356,0.0
30,41,-1903.4999772634214,696.2457873563486,46.10847749435777,61.825146251412654,0.0,26.017405471644878,-2061.691840738258,388.74839607564843,18.08877184342576,68.03275876484264,0.0,207.89469830050356,0.0
30,42,-1876.3807376273503,751.805624924235,46.10847749435777,61.825146251412654,0.0,26.017405471644878,-2093.5208332799148,328.62043669784794,18.08877184342576,68.03275876484264,0.0,207.89469830050356,0.0
30,43,-1849.2614979912792,807.3654624921213,46.10847749435777,61.825146251412654,0.0,26.017405471644878,-2125.3498258215714,268.49247732004744,18.08877184342576,68.03275876484264,0.0,207.89469830050356,0.0
30,44,-1822.142258355208,862.9253000600077,46.10847749435777,61.825146251412654,0.0,26.017405471644878,-2157.1788183632284,208.36451794224683,18.08877184342576,68.03275876484264,0.0,207.89469830050356,0.0
30,45,-1795.0230187191369,918.4851376278939,46.10847749435777,61.825146251412654,0.0,26.017405471644878,-2189.007810904885,148.23655856444634,18.08877184342576,68.03275876484264,0.0,207.89469830050356,0.0
30,46,-1767.9037790830657,974.0449751957802,46.10847749435777,61.825146251412654,0.0,26.017405471644878,-2220.836803446542,88.10859918664585,18.08877184342576,68.03275876484264,0.0,207.89469830050356,0.0
30,47,-1740.7845394469946,1029.6048127636666,46.10847749435777,61.825146251412654,0.0,26.017405471644878,-2252.6657959881986,27.98063980884524,18.08877184342576,68.03275876484264,0.0,207.89469830050356,0.0
30,48,-1713.6652998109234,1085.1646503315528,46.10847749435777,61.825146251412654,0.0,26.017405471644878,-2284.494788529855,-32.147319568955254,18.08877184342576,68.03275876484264,0.0,207.89469830050356,0.0
30,49,-1686.5460601748523,1140.7244878994393,46.10847749435777,61.825146251412654,0.0,26.017405471644878,-2316.3237810715123,-92.27527894675586,18.08877184342576,68.03275876484264,0.0,207.89469830050356,0.0
